-1.734793186187744141e+00
-4.585153758525848389e-01
-7.204981446266174316e-01
-6.299239397048950195e-01
5.912020206451416016e-01
1.266032338142395020e+00
4.212711453437805176e-01
-2.882073402404785156e+00
9.201083183288574219e-01
-1.459519863128662109e+00
1.078421473503112793e+00
-1.360954523086547852e+00
1.192752480506896973e+00
2.871013879776000977e-01
1.335332076996564865e-02
-5.301061868667602539e-01
-1.006871461868286133e+00
-2.101247549057006836e+00
-1.734694838523864746e-01
-8.438479900360107422e-01
2.511451542377471924e-01
-4.548422396183013916e-01
3.505971133708953857e-01
-2.445333719253540039e+00
-9.899798035621643066e-01
-2.107035070657730103e-01
1.584437370300292969e+00
-3.543159961700439453e-01
1.208900958299636841e-01
-5.698462724685668945e-01
-3.371839970350265503e-02
1.196794509887695312e+00
-1.418593764305114746e+00
-7.977247983217239380e-02
-2.665818929672241211e-01
6.699153184890747070e-01
-2.026332616806030273e+00
7.161713838577270508e-01
-3.456336855888366699e-01
-3.867860734462738037e-01
1.342481374740600586e+00
1.004519224166870117e+00
1.517625927925109863e+00
3.527825772762298584e-01
-1.412758231163024902e+00
-7.852054834365844727e-01
8.491849303245544434e-01
1.570099830627441406e+00
-1.795114725828170776e-01
-5.727047324180603027e-01
1.272271633148193359e+00
1.354127407073974609e+00
5.120355635881423950e-03
-3.303874135017395020e-01
-1.350382804870605469e+00
9.069757461547851562e-01
-5.197911262512207031e-01
-1.550409317016601562e+00
7.013708236627280712e-04
-1.951614171266555786e-01
3.039098083972930908e-01
1.100092101842164993e-02
-1.286943316459655762e+00
-1.646695375442504883e+00
-4.150015711784362793e-01
-2.900241017341613770e-01
3.347331881523132324e-01
1.993234872817993164e+00
1.262343764305114746e+00
-4.648961424827575684e-01
1.738512516021728516e+00
7.202733755111694336e-01
-3.635125756263732910e-01
4.321813881397247314e-01
5.938114598393440247e-02
5.203242897987365723e-01
1.073268771171569824e+00
-5.857594013214111328e-01
1.151833176612854004e+00
-2.581624686717987061e-01
4.502392709255218506e-01
1.771574735641479492e+00
-1.305319547653198242e+00
6.135477423667907715e-01
5.937325358390808105e-01
-1.926961183547973633e+00
-1.937721073627471924e-01
1.550428032875061035e+00
4.700049459934234619e-01
-1.750474452972412109e+00
-8.398894071578979492e-01
5.611164122819900513e-02
-8.153049349784851074e-01
-8.170006275177001953e-01
-6.574199795722961426e-01
9.143815934658050537e-02
-8.187594413757324219e-01
1.026767849922180176e+00
1.347609281539916992e+00
-3.228081166744232178e-01
