8.543049693107604980e-01
-3.848694860935211182e-01
6.693513989448547363e-01
-2.808704376220703125e-01
-1.249743700027465820e+00
-2.996496260166168213e-01
5.893899798393249512e-01
-1.085682272911071777e+00
1.386245012283325195e+00
7.098969221115112305e-01
-9.402811527252197266e-01
6.149057149887084961e-01
1.035471320152282715e+00
-3.388020098209381104e-01
-2.216151356697082520e-01
-6.645225286483764648e-01
-8.082497715950012207e-01
-3.633801639080047607e-01
4.702385365962982178e-01
6.121196597814559937e-02
1.500720620155334473e+00
1.066523790359497070e+00
-1.618989825248718262e+00
1.489700198173522949e+00
2.026486098766326904e-01
1.184420943260192871e+00
-1.095489263534545898e+00
7.541484385728836060e-02
8.773324489593505859e-01
-8.000445961952209473e-01
-1.651505529880523682e-01
2.561927437782287598e-01
-2.543830573558807373e-01
5.945415496826171875e-01
-1.232205152511596680e+00
-6.552599668502807617e-01
-7.320584654808044434e-01
1.023934841156005859e+00
-8.375515788793563843e-02
1.797867298126220703e+00
-2.099910497665405273e+00
8.276718854904174805e-01
-7.585250139236450195e-01
-1.539255231618881226e-01
6.358404457569122314e-02
-4.171144664287567139e-01
5.543524622917175293e-01
-6.379683017730712891e-01
3.018254227936267853e-02
-2.593413591384887695e+00
1.752428054809570312e+00
1.423535943031311035e+00
6.739049553871154785e-01
-9.634019136428833008e-01
5.058882832527160645e-01
-2.146728038787841797e+00
4.360054731369018555e-01
1.083767414093017578e+00
-1.164042949676513672e+00
4.326290488243103027e-01
6.299465298652648926e-01
-1.191549539566040039e+00
-9.862518906593322754e-01
1.113310575485229492e+00
-2.644766867160797119e-01
-2.219356149435043335e-01
5.768307447433471680e-01
-7.304840683937072754e-01
8.651991933584213257e-02
1.370465278625488281e+00
-1.598914563655853271e-01
-1.214214324951171875e+00
1.714124560356140137e+00
-3.144846856594085693e-01
1.103128075599670410e+00
-4.254975616931915283e-01
1.781880259513854980e+00
-3.900195956230163574e-01
-1.680891513824462891e+00
-6.148459315299987793e-01
-1.930853843688964844e+00
-1.684193134307861328e+00
-8.868702054023742676e-01
-1.450237631797790527e+00
1.639840006828308105e+00
2.767673730850219727e-01
1.700596213340759277e-01
3.199125826358795166e-02
-1.978617429733276367e+00
1.244929909706115723e+00
1.020194172859191895e+00
-8.990929275751113892e-02
-6.117455363273620605e-01
-4.433962516486644745e-03
5.129159688949584961e-01
1.147173881530761719e+00
-1.381577402353286743e-01
3.543903827667236328e-01
-5.262697339057922363e-01
5.788634419441223145e-01
