-1.065072774887084961e+00
2.343615889549255371e-02
-1.252227276563644409e-01
5.713072419166564941e-02
3.901688158512115479e-01
-5.849536061286926270e-01
1.289034783840179443e-01
6.543487906455993652e-01
7.820440530776977539e-01
-2.583597421646118164e+00
-9.219647943973541260e-02
-2.417208105325698853e-01
-1.968235969543457031e-01
-5.217228531837463379e-01
1.743772029876708984e+00
-1.646448969841003418e+00
-5.601180195808410645e-01
-1.955950975418090820e+00
-1.149709701538085938e+00
1.074736714363098145e-01
-2.461936950683593750e+00
-2.629738114774227142e-02
-6.566175259649753571e-03
6.566780209541320801e-01
-1.565843820571899414e+00
-7.382530570030212402e-01
7.431117296218872070e-01
-2.455413490533828735e-01
4.151143133640289307e-01
6.779413670301437378e-02
2.427245676517486572e-02
1.118003129959106445e+00
-8.092796206474304199e-01
-7.723768949508666992e-01
5.691100656986236572e-02
-3.737498074769973755e-02
1.729013562202453613e+00
-4.354788064956665039e-01
-1.301316142082214355e+00
-1.783719062805175781e+00
9.752903580665588379e-01
-7.981340885162353516e-01
-1.491891741752624512e+00
5.581134557723999023e-01
9.098296165466308594e-01
-1.066812992095947266e+00
-3.809644281864166260e-01
5.731882452964782715e-01
-4.121226072311401367e-01
-9.853072464466094971e-02
-6.162825226783752441e-01
-1.099257946014404297e+00
2.121209859848022461e+00
-6.788325905799865723e-01
5.342003703117370605e-01
-3.777333498001098633e-01
-1.849524617195129395e+00
1.658783257007598877e-01
6.412254571914672852e-01
-6.254786252975463867e-01
-5.052793622016906738e-01
4.233680069446563721e-01
-4.529308527708053589e-03
-1.512212157249450684e-01
-1.009345948696136475e-01
-1.346063464879989624e-01
-1.538418531417846680e+00
2.688222192227840424e-02
-8.911383748054504395e-01
1.223051548004150391e+00
1.349190592765808105e+00
1.044775605201721191e+00
2.329527616500854492e+00
9.422087669372558594e-02
3.605210781097412109e-01
-2.162029743194580078e-01
-5.876861214637756348e-01
-1.330873608589172363e+00
-1.174096941947937012e+00
-6.696528196334838867e-01
1.277972579002380371e+00
1.525157451629638672e+00
-5.868564844131469727e-01
-5.696445703506469727e-01
-6.326268315315246582e-01
-8.727448582649230957e-01
-4.018691480159759521e-01
-9.251676201820373535e-01
2.350805997848510742e+00
-4.492982625961303711e-01
2.515005469322204590e-01
2.008645296096801758e+00
-7.452292442321777344e-01
8.745161294937133789e-01
1.065777063369750977e+00
2.430432289838790894e-01
-1.600779533386230469e+00
-5.182410478591918945e-01
-1.361567020416259766e+00
1.521030813455581665e-01
