1.574844360351562500e+00
1.479375958442687988e+00
-1.226251125335693359e+00
3.664842247962951660e-01
1.517957299947738647e-01
-1.097610071301460266e-01
3.499934077262878418e-01
-8.446999192237854004e-01
9.106702804565429688e-01
-9.279418587684631348e-01
1.549218773841857910e+00
-1.410430669784545898e-01
1.043482542037963867e+00
2.912704050540924072e-01
1.448979377746582031e+00
-6.399224996566772461e-01
1.377624630928039551e+00
2.955720759928226471e-02
-6.554450094699859619e-02
-3.309165239334106445e-01
2.789643108844757080e-01
6.871476769447326660e-01
-8.566294312477111816e-01
1.040806651115417480e+00
3.244225382804870605e-01
-9.691573977470397949e-01
2.944400072097778320e+00
1.326763272285461426e+00
6.818013191223144531e-01
-6.487485170364379883e-01
-1.693076372146606445e+00
1.941617727279663086e-01
-1.066027879714965820e+00
-5.727175474166870117e-01
-1.304046034812927246e+00
-2.931654751300811768e-01
2.427704185247421265e-01
1.835940182209014893e-01
5.301102399826049805e-01
1.062183499336242676e+00
2.005044937133789062e+00
-1.110804796218872070e+00
9.463006258010864258e-01
-6.286523491144180298e-02
-3.440245091915130615e-01
1.283331990242004395e+00
1.124020218849182129e+00
-1.256737351417541504e+00
2.398304224014282227e+00
-1.406967639923095703e+00
-2.109400033950805664e-01
8.602746129035949707e-01
-2.992183268070220947e-01
9.076736867427825928e-02
-1.039527058601379395e+00
9.469473958015441895e-01
6.804745197296142578e-01
-8.030726313591003418e-01
1.979747116565704346e-01
-1.333885550498962402e+00
-3.148908913135528564e-01
2.545200884342193604e-01
-4.045978784561157227e-01
3.469492867588996887e-02
1.358562350273132324e+00
-9.795817136764526367e-01
-5.058642625808715820e-01
9.633169174194335938e-01
-7.401709258556365967e-02
-4.109608530998229980e-01
-1.377336740493774414e+00
1.117380261421203613e+00
8.671787977218627930e-01
1.988296627998352051e+00
-1.449557244777679443e-01
-1.022694945335388184e+00
9.324113130569458008e-01
1.168702721595764160e+00
-1.093766808509826660e+00
1.789646506309509277e+00
-7.628794312477111816e-01
1.435750007629394531e+00
-3.180185317993164062e+00
1.318425059318542480e+00
-5.502719283103942871e-01
1.130537748336791992e+00
-9.983251690864562988e-01
1.514396518468856812e-01
1.750890731811523438e+00
-1.270656466484069824e+00
1.235700488090515137e+00
6.181110143661499023e-01
1.670525968074798584e-01
1.048944517970085144e-01
1.041055560111999512e+00
1.207939609885215759e-01
-2.693795859813690186e-01
2.277558296918869019e-01
1.087245583534240723e+00
-5.831086039543151855e-01
