1.208499789237976074e+00
4.827060699462890625e-01
5.646692514419555664e-01
3.360597491264343262e-01
-1.026050150394439697e-01
2.762281298637390137e-01
2.374529838562011719e+00
-1.927993595600128174e-01
-3.460891842842102051e-01
3.213574409484863281e+00
-1.325291156768798828e+00
-3.149109184741973877e-01
7.762482166290283203e-01
7.179366946220397949e-01
4.058700799942016602e-01
8.130873739719390869e-02
7.669428586959838867e-01
-3.006327152252197266e-01
-3.925252854824066162e-01
5.971392393112182617e-01
-1.295357823371887207e+00
-9.092354178428649902e-01
5.964542031288146973e-01
-6.534680128097534180e-01
1.529092431068420410e+00
-3.470106720924377441e-01
5.881171822547912598e-01
-1.101069092750549316e+00
-1.027373433113098145e+00
-3.527736067771911621e-01
-1.250890970230102539e+00
4.188550114631652832e-01
7.150131464004516602e-01
-2.350800037384033203e+00
4.552852213382720947e-01
-9.594554305076599121e-01
-3.156269788742065430e-01
-1.650720387697219849e-01
7.796562314033508301e-01
1.421310752630233765e-02
1.315998673439025879e+00
1.018618702888488770e+00
-2.556014955043792725e-01
-1.517723202705383301e-01
-9.539622068405151367e-01
-2.663868963718414307e-01
-1.317470431327819824e+00
-1.601405739784240723e+00
-9.287231564521789551e-01
2.465555429458618164e+00
-6.110155582427978516e-01
6.091907620429992676e-01
1.426536917686462402e+00
4.701080024242401123e-01
-1.578235626220703125e-02
-3.112309575080871582e-01
-3.445321619510650635e-01
3.941123783588409424e-01
-5.721439123153686523e-01
-1.221010386943817139e-01
1.962822079658508301e-01
7.602720856666564941e-01
-8.711457252502441406e-01
1.801210761070251465e+00
4.546698331832885742e-01
-6.841806769371032715e-01
4.982542097568511963e-01
-1.350160598754882812e+00
-4.125350117683410645e-01
9.680516123771667480e-01
1.120919212698936462e-01
3.794166743755340576e-01
-1.390933096408843994e-01
5.874602198600769043e-01
-2.201770544052124023e-01
-8.558301329612731934e-01
1.094534754753112793e+00
1.726885676383972168e+00
-1.779659278690814972e-02
4.010475799441337585e-02
-3.726122677326202393e-01
1.282408118247985840e+00
-1.955709099769592285e+00
2.093323469161987305e-01
7.632631659507751465e-01
2.542896032333374023e+00
3.789469003677368164e-01
-7.944306731224060059e-02
-1.728542923927307129e+00
2.823776565492153168e-02
7.303988337516784668e-01
-1.382201790809631348e+00
1.090728998184204102e+00
1.443483978509902954e-01
1.935658216476440430e+00
-9.524914622306823730e-01
-1.070755362510681152e+00
2.527531981468200684e-01
7.267091870307922363e-01
8.558211326599121094e-01
