-1.573902606964111328e+00
9.872757196426391602e-01
-1.040722489356994629e+00
4.133217632770538330e-01
6.746592521667480469e-01
8.950020074844360352e-01
3.307519853115081787e-01
1.411036372184753418e+00
-1.313028693199157715e+00
4.282665550708770752e-01
8.413139581680297852e-01
-5.873305201530456543e-01
-1.320559233427047729e-01
-1.071651816368103027e+00
1.031699776649475098e+00
-2.328088521957397461e+00
-5.377625226974487305e-01
4.187120199203491211e-01
7.593615651130676270e-01
7.473437786102294922e-01
8.990068435668945312e-01
1.251049160957336426e+00
2.006240367889404297e+00
-1.134015202522277832e+00
-1.153289303183555603e-01
-7.458342611789703369e-02
6.419488787651062012e-01
1.210681557655334473e+00
-3.403967916965484619e-01
-7.339497804641723633e-01
4.421798586845397949e-01
1.155875325202941895e+00
1.007594347000122070e+00
6.035295501351356506e-02
-1.029431819915771484e+00
5.253255963325500488e-01
-6.620320677757263184e-01
-1.425332110375165939e-02
7.879662513732910156e-01
-4.757059216499328613e-01
2.091616094112396240e-01
4.102288484573364258e-01
7.283920645713806152e-01
1.216305017471313477e+00
-6.332002580165863037e-02
1.945120573043823242e+00
2.302943706512451172e+00
-1.896387219429016113e+00
8.466785550117492676e-01
1.322877854108810425e-01
8.976918458938598633e-01
5.846722126007080078e-01
-3.441264852881431580e-02
4.808571189641952515e-02
1.332500457763671875e+00
-2.939244508743286133e-01
1.539293527603149414e+00
-1.423389613628387451e-01
8.227373957633972168e-01
-5.684663653373718262e-01
3.175622820854187012e-01
1.147684574127197266e+00
-1.877204895019531250e+00
-1.089002847671508789e+00
4.861845672130584717e-01
-1.067677021026611328e+00
2.282715320587158203e+00
1.351015329360961914e+00
2.114294528961181641e+00
7.042445540428161621e-01
-1.359938740730285645e+00
-5.715960860252380371e-01
4.895431697368621826e-01
-7.280852198600769043e-01
-1.758766546845436096e-02
-9.841632246971130371e-01
-7.102893590927124023e-01
3.143355250358581543e-01
3.061536550521850586e-01
8.948804736137390137e-01
1.780599594116210938e+00
5.737060308456420898e-01
-8.244869709014892578e-01
1.045383453369140625e+00
1.235850572586059570e+00
-1.457020998001098633e+00
8.999174088239669800e-02
8.609282970428466797e-01
1.801374077796936035e+00
2.896917760372161865e-01
-1.033228397369384766e+00
1.434222817420959473e+00
1.182849884033203125e+00
1.401493906974792480e+00
-7.262932658195495605e-01
1.333328247070312500e+00
-1.466967225074768066e+00
-4.566080272197723389e-01
-1.187298417091369629e+00
6.317265033721923828e-01
