-2.620570361614227295e-01
-2.350986897945404053e-01
1.629741430282592773e+00
2.223041772842407227e+00
-1.498229861259460449e+00
-1.600260734558105469e+00
-4.252476394176483154e-01
2.134842872619628906e-01
-1.086743950843811035e+00
3.080129325389862061e-01
6.792344450950622559e-01
2.505919933319091797e-01
-1.267687082290649414e+00
-1.166565775871276855e+00
-7.693274617195129395e-01
-1.309635281562805176e+00
1.728322029113769531e+00
-8.211541175842285156e-01
3.319054245948791504e-01
-1.193063378334045410e+00
2.072124958038330078e+00
-1.184376597404479980e+00
-1.075957536697387695e+00
1.388050615787506104e-01
-1.546650290489196777e+00
-8.325731754302978516e-01
5.133844614028930664e-01
-1.407945156097412109e-01
6.221172213554382324e-01
-1.397814750671386719e+00
3.770528435707092285e-01
-4.764586687088012695e-01
-1.135937452316284180e+00
3.389047086238861084e-01
-6.312927603721618652e-01
-8.163727521896362305e-01
1.414797544479370117e+00
-4.236785173416137695e-01
-8.247653245925903320e-01
-1.768047451972961426e+00
-5.005190968513488770e-01
-1.147798538208007812e+00
-2.148241043090820312e+00
-1.998880505561828613e+00
-2.796615958213806152e-01
-1.177404999732971191e+00
-1.102961063385009766e+00
1.126785874366760254e+00
-1.630672812461853027e-01
5.117411613464355469e-01
1.984155654907226562e+00
-4.020110964775085449e-01
-4.852173104882240295e-02
5.374809503555297852e-01
1.461558818817138672e+00
-7.348109483718872070e-01
1.150049686431884766e+00
-6.497951149940490723e-01
-6.284405589103698730e-01
6.358312964439392090e-01
-2.677995264530181885e-01
2.283783674240112305e+00
-3.549106717109680176e-01
6.052377820014953613e-01
5.732019543647766113e-01
3.238611221313476562e-01
-9.292603731155395508e-01
3.583787679672241211e-01
-1.038502335548400879e+00
-1.802556276321411133e+00
-2.822366356849670410e-02
-1.508250832557678223e+00
-1.398400664329528809e-01
7.272135615348815918e-01
-1.405442833900451660e+00
-3.722656667232513428e-01
-8.965037465095520020e-01
-5.512254834175109863e-01
-2.350580692291259766e+00
5.665312409400939941e-01
5.475521087646484375e-01
1.137592713348567486e-03
-4.979295730590820312e-01
8.004604279994964600e-02
-1.523491501808166504e+00
7.956150919198989868e-02
-2.864872105419635773e-02
-9.563438892364501953e-01
-4.837842285633087158e-01
7.787483334541320801e-01
1.023090004920959473e+00
-7.712821364402770996e-01
2.901524603366851807e-01
-1.298119276762008667e-01
6.885386109352111816e-01
1.274976253509521484e+00
-3.539432585239410400e-01
1.086776733398437500e+00
-7.249557375907897949e-01
1.419203877449035645e+00
