6.409841123968362808e-03
1.511455655097961426e+00
6.700071692466735840e-01
-4.499967396259307861e-01
-1.237675473093986511e-01
-1.355426907539367676e+00
-1.138997316360473633e+00
8.532383441925048828e-01
1.789200119674205780e-02
-2.028333425521850586e+00
-1.490408062934875488e+00
1.261799782514572144e-01
1.072824358940124512e+00
1.062462568283081055e+00
-1.071114912629127502e-01
7.787709683179855347e-02
3.226949214935302734e+00
1.027440801262855530e-01
-1.234894275665283203e+00
1.611782789230346680e+00
-5.953760072588920593e-02
-9.041986465454101562e-01
-1.503775358200073242e+00
-1.517558813095092773e+00
-2.016264677047729492e+00
3.741524815559387207e-01
4.213041067123413086e-01
7.209637165069580078e-01
1.883016586303710938e+00
-5.074145793914794922e-01
-7.428316473960876465e-01
8.474745154380798340e-01
8.743953108787536621e-01
-6.172403227537870407e-03
-6.412205696105957031e-01
2.244197130203247070e-01
2.188509404659271240e-01
3.668142557144165039e-01
8.600344061851501465e-01
-1.072500109672546387e+00
-1.252267718315124512e+00
1.253021121025085449e+00
1.123965978622436523e+00
-3.715863525867462158e-01
-2.056343793869018555e+00
4.858819246292114258e-01
2.932485640048980713e-01
-2.255930155515670776e-01
1.545313298702239990e-01
-5.099052786827087402e-01
7.071468830108642578e-01
1.065948724746704102e+00
-1.473438888788223267e-01
1.072548851370811462e-01
-3.824563920497894287e-01
-1.271801590919494629e+00
3.112189285457134247e-02
-3.830583021044731140e-02
-1.779902219772338867e+00
5.074888467788696289e-01
-1.245034098625183105e+00
-1.272385954856872559e+00
-3.742207884788513184e-01
5.237854719161987305e-01
1.425713002681732178e-01
-3.524228930473327637e-01
-1.275919198989868164e+00
6.423638761043548584e-02
-2.252658367156982422e+00
9.793643653392791748e-02
-1.254562497138977051e+00
6.326010916382074356e-03
1.203966736793518066e+00
-5.290932655334472656e-01
-8.490881323814392090e-01
-1.850119709968566895e+00
-7.030327916145324707e-01
-8.813205957412719727e-01
-5.579825639724731445e-01
8.224432468414306641e-01
9.786298871040344238e-02
6.373161673545837402e-01
-5.931935906410217285e-01
6.515428423881530762e-02
4.473195075988769531e-01
1.543813198804855347e-01
6.687846183776855469e-01
-7.251096516847610474e-02
-9.568476080894470215e-01
-5.698599815368652344e-01
-1.809194386005401611e-01
-7.714384049177169800e-02
-7.308259606361389160e-01
1.862360715866088867e+00
2.747915685176849365e-01
1.650200366973876953e+00
7.213885784149169922e-01
6.817867755889892578e-01
-1.379141330718994141e+00
-1.537536680698394775e-01
