-1.219404041767120361e-01
2.638931572437286377e-01
7.835302948951721191e-01
-3.216246515512466431e-02
1.915084242820739746e+00
2.244035959243774414e+00
3.415002226829528809e-01
-6.921361088752746582e-01
8.550068736076354980e-02
-3.106714189052581787e-01
-1.148767471313476562e+00
-1.223804593086242676e+00
3.778399527072906494e-01
5.702112317085266113e-01
1.364234447479248047e+00
-6.004672646522521973e-01
-2.296928405761718750e+00
-2.862183451652526855e-01
-2.466081619262695312e+00
3.529805243015289307e-01
4.254887998104095459e-01
2.411269187927246094e+00
6.903550028800964355e-01
2.658758401870727539e+00
-4.503820538520812988e-01
2.285752534866333008e+00
1.195130705833435059e+00
-8.420785069465637207e-01
4.295637309551239014e-01
-1.215680360794067383e+00
-2.118963301181793213e-01
-1.469261884689331055e+00
3.179670870304107666e-01
-7.310355305671691895e-01
-7.522555589675903320e-01
4.189361631870269775e-01
5.641615390777587891e-01
1.172991156578063965e+00
9.005631208419799805e-01
-2.092162132263183594e+00
-2.642242610454559326e-01
3.573504090309143066e-01
-3.668093085289001465e-01
9.513570368289947510e-02
-4.333486855030059814e-01
1.780702829360961914e+00
1.643601804971694946e-01
1.763867974281311035e+00
7.283282876014709473e-01
-2.746972799301147461e+00
5.821022391319274902e-01
-9.165664911270141602e-01
-3.682388961315155029e-01
-1.004616737365722656e+00
2.197389125823974609e+00
-4.971613883972167969e-01
-7.268095612525939941e-01
-9.122217446565628052e-02
-4.232521355152130127e-01
3.189028799533843994e-01
-3.635934889316558838e-01
1.218479514122009277e+00
5.282971262931823730e-01
-4.910119250416755676e-02
6.408709883689880371e-01
5.158380270004272461e-01
2.309407442808151245e-01
-6.885335445404052734e-01
-4.400093257427215576e-01
1.515716612339019775e-01
-8.741243481636047363e-01
-3.546525835990905762e-01
6.945139169692993164e-02
-1.020820617675781250e+00
-3.432519733905792236e-02
-7.432395815849304199e-01
-6.518511176109313965e-01
-2.123298943042755127e-01
1.506344042718410492e-02
-2.817395143210887909e-02
-9.634502530097961426e-01
-2.996113896369934082e-01
-2.521180391311645508e+00
-8.031308054924011230e-01
5.299313068389892578e-01
8.236317634582519531e-01
1.245007276535034180e+00
2.260428071022033691e-01
-5.408633351325988770e-01
8.284110575914382935e-02
1.956026554107666016e+00
-2.074815779924392700e-01
-4.311653077602386475e-01
-1.368530035018920898e+00
1.740702986717224121e+00
2.101872444152832031e+00
-3.758982196450233459e-02
4.782174527645111084e-01
7.028998136520385742e-01
1.045189052820205688e-01
