8.624127507209777832e-01
-2.932424783706665039e+00
1.289095163345336914e+00
2.628686428070068359e-01
-6.593715548515319824e-01
1.073843836784362793e+00
-7.399990558624267578e-01
-5.744504928588867188e-01
1.054473400115966797e+00
-1.306236624717712402e+00
-5.924330279231071472e-02
1.419711112976074219e+00
5.839138031005859375e-01
3.118156492710113525e-01
-4.369184076786041260e-01
-6.390976309776306152e-01
-3.632261157035827637e-01
-1.615325808525085449e-01
3.213776648044586182e-01
-9.955822825431823730e-01
2.141740798950195312e+00
4.118543267250061035e-01
3.615879118442535400e-01
1.031985521316528320e+00
4.513293802738189697e-01
4.072367250919342041e-01
-1.364393591880798340e+00
2.484965324401855469e-01
1.340588808059692383e+00
-1.619071513414382935e-01
-2.695587873458862305e-01
-2.066913694143295288e-01
5.026670694351196289e-01
-1.468842029571533203e-01
-6.895422935485839844e-02
-5.865315794944763184e-01
-6.456211209297180176e-01
1.024039030075073242e+00
5.721062421798706055e-01
-3.180532455444335938e-01
-1.483859419822692871e+00
1.880785107612609863e+00
-2.756993174552917480e-01
1.647443413734436035e+00
2.569468498229980469e+00
1.881442427635192871e+00
5.436736941337585449e-01
-1.194725558161735535e-02
-6.992899775505065918e-01
1.155500113964080811e-02
1.688145995140075684e+00
-1.129512906074523926e+00
-6.028902530670166016e-01
1.278949975967407227e+00
-1.293212827295064926e-02
-2.396925687789916992e+00
5.037686228752136230e-01
2.473747134208679199e-01
-5.345510244369506836e-01
-2.854026257991790771e-01
-9.867888689041137695e-01
9.450485110282897949e-01
-1.330174565315246582e+00
-3.067403137683868408e-01
2.200352430343627930e+00
7.356503009796142578e-01
3.569331467151641846e-01
-1.486096858978271484e+00
1.250840544700622559e+00
-1.724878191947937012e+00
-9.926592111587524414e-01
7.484284639358520508e-01
-2.530022263526916504e-01
-1.217730522155761719e+00
1.357939094305038452e-01
6.539624929428100586e-01
7.426899075508117676e-01
1.271077692508697510e-01
6.575899720191955566e-01
1.282865285873413086e+00
-9.972200989723205566e-01
3.828603625297546387e-01
-2.740098237991333008e-01
-1.090984344482421875e+00
1.460731267929077148e+00
-7.221748828887939453e-01
2.192367315292358398e+00
-1.472733378410339355e+00
4.945002496242523193e-01
1.371269345283508301e+00
7.025778293609619141e-01
6.732617020606994629e-01
9.068061113357543945e-01
-2.621687948703765869e-02
-4.233359396457672119e-01
1.841467022895812988e+00
-1.107614755630493164e+00
-9.951456636190414429e-02
-4.108418524265289307e-01
-4.424048960208892822e-01
