1.600625991821289062e+00
-8.584781289100646973e-01
-2.382784634828567505e-01
1.343820571899414062e+00
6.810197234153747559e-01
-2.087239921092987061e-01
1.396966457366943359e+00
1.049484252929687500e+00
1.549787074327468872e-01
3.359914720058441162e-01
5.525527596473693848e-01
-5.355122089385986328e-01
4.214421808719635010e-01
-6.052070260047912598e-01
-2.816324234008789062e-01
4.824807867407798767e-02
1.227201461791992188e+00
-5.269089341163635254e-01
5.521419644355773926e-01
-1.243059396743774414e+00
-1.798426270484924316e+00
-7.705907225608825684e-01
3.763792812824249268e-01
5.150271058082580566e-01
4.704777002334594727e-01
6.637470126152038574e-01
1.158012151718139648e+00
-1.096605062484741211e+00
2.752111554145812988e-01
-1.158231019973754883e+00
-5.136786103248596191e-01
9.504448771476745605e-01
1.453651189804077148e+00
-1.357014060020446777e+00
1.408212423324584961e+00
4.786250591278076172e-01
-4.965069591999053955e-01
-4.485881328582763672e-01
-2.010904550552368164e+00
-4.724547863006591797e-01
7.858400940895080566e-01
-1.329315185546875000e+00
-5.754462480545043945e-01
5.487365126609802246e-01
-7.845704555511474609e-01
-4.545149505138397217e-01
7.334367632865905762e-01
7.838202118873596191e-01
-1.646424680948257446e-01
8.277863860130310059e-01
-1.364045500755310059e+00
1.157552361488342285e+00
5.819544196128845215e-01
6.334846019744873047e-01
6.840857267379760742e-01
1.014826178550720215e+00
-2.654291093349456787e-01
3.328003585338592529e-01
-4.970177114009857178e-01
7.763128876686096191e-01
2.174757421016693115e-01
9.072503447532653809e-01
-2.873134315013885498e-01
1.666363328695297241e-01
1.952375620603561401e-01
2.859525382518768311e-01
-3.359460830688476562e-01
2.243410199880599976e-01
-2.036502808332443237e-01
1.241191864013671875e+00
1.826151490211486816e+00
3.911422491073608398e-01
7.945494651794433594e-01
6.358714103698730469e-01
2.684381008148193359e-01
8.074189424514770508e-01
1.313901424407958984e+00
1.561376214027404785e+00
-5.577622056007385254e-01
9.905791878700256348e-01
5.549665689468383789e-01
1.232632994651794434e+00
3.781397342681884766e-01
4.694486260414123535e-01
5.238243937492370605e-01
7.547494769096374512e-01
1.314335465431213379e+00
5.928690433502197266e-01
5.563155412673950195e-01
-5.890678763389587402e-01
2.967058122158050537e-01
8.864299058914184570e-01
1.358298659324645996e+00
-1.488581418991088867e+00
-1.243945479393005371e+00
-4.487134516239166260e-01
-3.431587517261505127e-01
-3.789243400096893311e-01
-1.796751022338867188e+00
-5.131077766418457031e-01
