-4.170895814895629883e-01
-5.608333349227905273e-01
-6.538188457489013672e-01
-4.774711430072784424e-01
-2.410289645195007324e-01
3.021007478237152100e-01
-6.349508166313171387e-01
-6.280924081802368164e-01
-3.345559537410736084e-01
-6.593706011772155762e-01
7.747591137886047363e-01
-6.168966889381408691e-01
-1.121312528848648071e-01
-5.527012944221496582e-01
1.592928409576416016e+00
-1.076306462287902832e+00
2.636850476264953613e-01
1.037409663200378418e+00
3.094319701194763184e-01
-1.137281894683837891e+00
-4.421553909778594971e-01
-6.723640114068984985e-02
-1.085232377052307129e+00
1.017056941986083984e+00
-8.250405192375183105e-01
-1.393864512443542480e+00
-4.259813129901885986e-01
2.902893424034118652e-01
-1.106540441513061523e+00
-1.573282957077026367e+00
1.748041063547134399e-01
1.157458782196044922e+00
-1.369413919746875763e-02
-6.867183446884155273e-01
-6.574840545654296875e-01
-7.076577544212341309e-01
-3.815845549106597900e-01
-3.732282295823097229e-02
3.592072427272796631e-01
8.506549149751663208e-02
-8.530506491661071777e-01
-1.911723911762237549e-01
5.126891732215881348e-01
-6.254670023918151855e-01
3.388669341802597046e-02
-1.349393129348754883e+00
3.526779413223266602e-01
-7.253782153129577637e-01
5.755022764205932617e-01
2.116988182067871094e+00
-6.872665286064147949e-01
-2.239126682281494141e+00
1.345818489789962769e-01
-1.703642964363098145e+00
6.489040851593017578e-01
-2.370427697896957397e-01
3.997350856661796570e-02
-1.490476131439208984e+00
-4.311608374118804932e-01
2.878900468349456787e-01
-1.134189486503601074e+00
-1.549484848976135254e+00
-1.193396568298339844e+00
2.293657958507537842e-01
-1.057839915156364441e-01
-2.100907087326049805e+00
6.383637189865112305e-01
-9.147956967353820801e-01
3.174719214439392090e-01
1.405873537063598633e+00
4.691876471042633057e-01
-4.251105487346649170e-01
4.594376385211944580e-01
9.719316661357879639e-02
-4.832989573478698730e-01
-1.369568467140197754e+00
1.573306322097778320e-01
-1.151638746261596680e+00
-3.699310421943664551e-01
2.085003614425659180e+00
-4.869164153933525085e-02
8.852511644363403320e-01
-7.173413634300231934e-01
-4.648565053939819336e-01
1.906061530113220215e+00
-9.721796959638595581e-02
-7.986097931861877441e-01
5.575414896011352539e-01
1.120772026479244232e-02
4.060939326882362366e-02
3.403916656970977783e-01
1.420015990734100342e-01
-5.187978744506835938e-01
8.269027471542358398e-01
-1.410798549652099609e+00
1.166992425918579102e+00
5.608031153678894043e-01
6.715283393859863281e-01
1.164844393730163574e+00
7.771288752555847168e-01
