-5.320127606391906738e-01
6.445059180259704590e-01
-2.196894288063049316e-01
7.936855554580688477e-01
-2.764291167259216309e-01
-1.922356039285659790e-01
-8.723174333572387695e-01
4.223395287990570068e-01
-2.141444832086563110e-01
-2.054023742675781250e+00
-6.281155943870544434e-01
3.236758708953857422e-01
-5.810361355543136597e-03
3.035768568515777588e-01
2.611992359161376953e-01
2.351032495498657227e-01
2.425290107727050781e+00
-1.375755548477172852e+00
-3.401352763175964355e-01
-1.470952294766902924e-02
-4.837861359119415283e-01
-2.558161318302154541e-01
1.586477160453796387e-01
-1.063461005687713623e-01
-1.618429273366928101e-01
6.268104314804077148e-01
-4.750249087810516357e-01
-1.023272946476936340e-01
7.046083211898803711e-01
-2.487837523221969604e-01
-4.652708470821380615e-01
-1.657698899507522583e-01
2.031202077865600586e+00
-1.874689459800720215e+00
-1.188243031501770020e+00
-9.164367914199829102e-01
-3.564717248082160950e-02
-2.557152807712554932e-01
-1.269480705261230469e+00
1.512995362281799316e+00
5.090701580047607422e-01
-2.195723801851272583e-01
3.797428905963897705e-01
-1.255263924598693848e+00
-1.060096025466918945e+00
-1.728625297546386719e-01
-1.403280258178710938e+00
2.157618701457977295e-01
9.695779085159301758e-01
-2.889478504657745361e-01
-1.449756026268005371e+00
1.181429743766784668e+00
3.494646549224853516e-01
-2.055308520793914795e-01
-5.694871544837951660e-01
3.422780036926269531e-01
1.266123175621032715e+00
4.325328171253204346e-01
2.958491086959838867e+00
4.471685886383056641e-01
-3.595075383782386780e-02
1.153050884604454041e-01
-9.172851443290710449e-01
-3.076982796192169189e-01
-4.063952267169952393e-01
-2.884500324726104736e-01
-9.993708878755569458e-02
1.530174851417541504e+00
-3.133401870727539062e-01
-2.684763371944427490e-01
4.809218049049377441e-01
-5.263118147850036621e-01
-2.043631076812744141e+00
-8.491429090499877930e-01
1.314784526824951172e+00
-7.653537988662719727e-01
1.020827531814575195e+00
-1.039838075637817383e+00
1.924795680679380894e-03
-5.104992389678955078e-01
1.603029012680053711e+00
-1.350126624107360840e+00
3.887091875076293945e-01
5.674275159835815430e-01
1.118258714675903320e+00
-9.898363947868347168e-01
1.516568303108215332e+00
-7.528964877128601074e-01
-8.847957253456115723e-01
-7.657048106193542480e-02
5.987567305564880371e-01
-6.605886816978454590e-01
-3.405398726463317871e-01
8.475261926651000977e-01
1.188628792762756348e+00
1.101353883743286133e+00
-2.608165502548217773e+00
2.097354650497436523e+00
-2.124632835388183594e+00
3.617568314075469971e-02
