-9.696817994117736816e-01
1.264116168022155762e+00
-1.275154799222946167e-01
1.320867657661437988e+00
-1.521757006645202637e+00
6.976619362831115723e-02
5.164932012557983398e-01
1.028210997581481934e+00
-2.583908438682556152e-01
-1.531327009201049805e+00
-7.016341388225555420e-02
6.305601596832275391e-01
-3.287290036678314209e-01
1.256631255149841309e+00
1.499278187751770020e+00
1.045563220977783203e+00
-4.243715479969978333e-02
-1.048900127410888672e+00
3.402141332626342773e-01
-7.604158669710159302e-02
4.823206961154937744e-01
-8.626406192779541016e-01
4.747003912925720215e-01
4.786009788513183594e-01
3.970597386360168457e-01
-1.484720945358276367e+00
-6.830371916294097900e-02
-4.542762041091918945e-01
8.314374685287475586e-01
-1.042864799499511719e+00
-9.261809587478637695e-01
4.721507728099822998e-01
-2.712990641593933105e-01
6.304860115051269531e-01
-5.900885444134473801e-03
-1.412830233573913574e+00
1.189781665802001953e+00
-1.278475165367126465e+00
4.154514968395233154e-01
1.658848762512207031e+00
-1.234549164772033691e+00
-2.627425909042358398e+00
-6.392230391502380371e-01
-1.744091361761093140e-01
1.513973832130432129e+00
-6.009635329246520996e-01
1.164529204368591309e+00
-6.649933755397796631e-02
2.109179258346557617e+00
-1.077630639076232910e+00
1.574647068977355957e+00
-9.803802967071533203e-01
2.132325172424316406e-01
2.150614261627197266e-01
2.085241675376892090e-01
-3.072580397129058838e-01
-8.993721604347229004e-01
1.289475411176681519e-01
1.055888295173645020e+00
-1.286402702331542969e+00
-3.080357909202575684e-01
4.301027953624725342e-02
4.685837924480438232e-01
4.078822731971740723e-01
5.733506679534912109e-01
-2.100449800491333008e-01
-3.436182439327239990e-01
1.121716856956481934e+00
-9.241790175437927246e-01
-9.499759078025817871e-01
1.166429996490478516e+00
-4.191100001335144043e-01
-1.561446785926818848e+00
5.432174205780029297e-01
9.566318392753601074e-01
-1.013854146003723145e-01
-1.146085739135742188e+00
2.261652946472167969e-01
7.266440987586975098e-01
1.356999874114990234e+00
-9.112919867038726807e-02
1.204447507858276367e+00
-2.709772586822509766e-01
-1.196588993072509766e+00
-4.865196347236633301e-01
6.333418190479278564e-02
1.135616540908813477e+00
3.416747152805328369e-01
5.077648162841796875e-01
9.366686940193176270e-01
1.801664471626281738e+00
-1.162867695093154907e-01
5.481787919998168945e-01
-1.578789800405502319e-01
1.137777209281921387e+00
1.686538100242614746e+00
1.309477567672729492e+00
1.551132559776306152e+00
6.674477458000183105e-02
-2.316166460514068604e-01
