1.779853254556655884e-01
1.321298480033874512e+00
-1.140981912612915039e-01
1.102089285850524902e+00
9.750843644142150879e-01
-4.355784654617309570e-01
-5.411865115165710449e-01
-8.619652390480041504e-01
-5.578926205635070801e-01
1.301278918981552124e-01
5.416940897703170776e-02
1.366664052009582520e+00
-8.901726603507995605e-01
1.581966042518615723e+00
8.535087108612060547e-01
-4.261266291141510010e-01
1.994804292917251587e-01
-1.215757727622985840e+00
1.020172312855720520e-01
4.311269521713256836e-01
-1.687532424926757812e+00
5.257900357246398926e-01
-8.571193367242813110e-02
-1.702772498130798340e+00
-1.348355531692504883e+00
-2.517609357833862305e+00
-1.847490429878234863e+00
1.584340818226337433e-02
8.290365338325500488e-01
-4.435887932777404785e-01
-1.956685423851013184e+00
7.237443923950195312e-01
-1.382753968238830566e+00
9.814748167991638184e-02
5.214401707053184509e-02
1.320229411125183105e+00
5.807012319564819336e-01
1.083821728825569153e-01
1.723850965499877930e+00
-5.691984295845031738e-01
-1.112862944602966309e+00
-1.083053469657897949e+00
7.647594213485717773e-01
2.311964511871337891e+00
-2.452692031860351562e+00
-2.338141351938247681e-01
1.628682464361190796e-01
-6.901655197143554688e-01
6.615740805864334106e-02
1.003625094890594482e-01
1.557493925094604492e+00
3.152311220765113831e-02
-9.041277170181274414e-01
1.439326703548431396e-01
6.590673923492431641e-01
-6.440041065216064453e-01
2.512999251484870911e-02
-2.804054975509643555e+00
3.343405434861779213e-03
6.905826926231384277e-01
-5.382143259048461914e-01
-1.539469599723815918e+00
-6.412000954151153564e-02
1.545452713966369629e+00
-9.478322267532348633e-01
-9.503437280654907227e-01
-5.636733770370483398e-01
-1.155320882797241211e+00
-6.279753148555755615e-02
-1.243432998657226562e+00
1.038840115070343018e-01
-2.267881631851196289e-01
6.864973306655883789e-01
8.775758743286132812e-01
-8.245086073875427246e-01
-2.205536842346191406e+00
-6.752896308898925781e-01
-1.865577459335327148e+00
-1.900686323642730713e-01
8.198568224906921387e-02
-1.293484330177307129e+00
-5.520614981651306152e-01
1.039750218391418457e+00
1.035754680633544922e+00
-6.697738170623779297e-02
3.019408285617828369e-01
-2.586618065834045410e-01
1.270624518394470215e+00
-1.000598430633544922e+00
4.099554419517517090e-01
-3.346451818943023682e-01
-2.896642684936523438e-01
-4.911075532436370850e-01
3.055292665958404541e-01
-4.005433246493339539e-02
-5.271812900900840759e-02
2.410042285919189453e+00
1.368999242782592773e+00
3.372767567634582520e-01
1.596814393997192383e+00
