-1.319309949874877930e+00
-5.153317451477050781e-01
9.141481518745422363e-01
5.681512355804443359e-01
2.562585353851318359e+00
3.512446284294128418e-01
6.935709714889526367e-01
-1.839982569217681885e-01
-8.153238296508789062e-01
9.822802543640136719e-01
6.290112137794494629e-01
-2.517687976360321045e-01
-1.232398033142089844e+00
1.161942243576049805e+00
-1.684985280036926270e+00
-6.244074702262878418e-01
-6.658900976181030273e-01
-4.679656624794006348e-01
6.555375456809997559e-01
1.622704148292541504e+00
5.000508427619934082e-01
-1.868391275405883789e+00
1.878375887870788574e+00
-4.698079824447631836e-01
1.267801970243453979e-01
1.216835305094718933e-01
-1.112066388130187988e+00
1.453468084335327148e+00
-4.527399837970733643e-01
-1.228280901908874512e+00
-1.272603124380111694e-01
-1.663434356451034546e-01
1.856026530265808105e+00
-1.336204767227172852e+00
2.095526218414306641e+00
5.616696476936340332e-01
-3.607809841632843018e-01
-5.305511951446533203e-01
1.701796054840087891e-01
2.674573361873626709e-01
-1.166821196675300598e-01
-1.462568193674087524e-01
-1.717491626739501953e+00
-1.248209029436111450e-01
1.688583850860595703e+00
8.411987423896789551e-01
9.265248179435729980e-01
-3.624956905841827393e-01
-1.125709712505340576e-01
1.005940318107604980e+00
7.697573304176330566e-01
-1.326447963714599609e+00
2.481195777654647827e-01
-3.611928820610046387e-01
3.157359838485717773e+00
-1.037153720855712891e+00
2.063285350799560547e+00
-1.161420643329620361e-01
-7.560488581657409668e-01
-1.062844038009643555e+00
-7.512804865837097168e-01
1.238531827926635742e+00
9.762076735496520996e-01
-2.778653502464294434e-01
-1.400617361068725586e-01
-1.541234374046325684e+00
-4.753120243549346924e-01
3.083411604166030884e-02
5.466048717498779297e-01
9.374174475669860840e-01
5.113187432289123535e-01
1.124426126480102539e-01
1.430560588836669922e+00
-1.395633220672607422e+00
2.917236685752868652e-01
5.937308669090270996e-01
2.391886234283447266e+00
-8.087262511253356934e-01
-9.489209651947021484e-01
1.329710364341735840e+00
-5.421210527420043945e-01
-1.416026234626770020e+00
-4.353186786174774170e-01
2.387482970952987671e-01
-8.192392587661743164e-01
3.690006732940673828e-01
-1.612624287605285645e+00
-4.380882158875465393e-02
8.857728242874145508e-01
-6.004076004028320312e-01
-8.012422323226928711e-01
1.316606402397155762e+00
8.052954673767089844e-01
3.284197747707366943e-01
1.789650917053222656e-01
1.075909137725830078e+00
-8.904110789299011230e-01
-2.415139079093933105e-01
6.909254789352416992e-01
6.814736723899841309e-01
