1.632336616516113281e+00
-2.215111732482910156e+00
4.714396595954895020e-01
-3.344817161560058594e-01
2.283554673194885254e-01
8.176510334014892578e-01
1.018662080168724060e-01
-9.380338788032531738e-01
-1.503981351852416992e-01
-8.723049610853195190e-02
-1.517411708831787109e+00
-3.485237658023834229e-01
1.737987995147705078e-02
-1.622730016708374023e+00
-1.493355631828308105e+00
1.165927886962890625e+00
5.512645244598388672e-01
-6.700400114059448242e-01
2.473206996917724609e+00
-2.038347721099853516e+00
-5.667130351066589355e-01
1.490757703781127930e+00
-2.665750086307525635e-01
-8.643848299980163574e-01
-7.559749484062194824e-01
-8.222575187683105469e-01
4.799360930919647217e-01
2.934746146202087402e-01
-1.317940354347229004e+00
-1.279862165451049805e+00
-1.295929670333862305e+00
2.239099442958831787e-01
8.441702276468276978e-02
-1.228002086281776428e-01
-2.627041637897491455e-01
-3.687000274658203125e-02
3.354460597038269043e-01
-1.973131060600280762e+00
-3.624567985534667969e-01
1.684584140777587891e+00
-1.682092189788818359e+00
-3.739495575428009033e-01
-6.375625729560852051e-01
-2.913018465042114258e-01
4.408238828182220459e-01
-2.790251970291137695e+00
-2.866229534149169922e+00
8.706251978874206543e-01
5.771880596876144409e-02
-4.292884469032287598e-01
6.808440685272216797e-01
6.421594023704528809e-01
6.275334358215332031e-01
7.780927419662475586e-01
-6.780131459236145020e-01
1.138782650232315063e-01
-5.777564048767089844e-01
1.417862057685852051e+00
-1.417517662048339844e+00
-3.806250691413879395e-01
-9.233590960502624512e-01
2.310109376907348633e+00
-1.086467504501342773e+00
-1.722797989845275879e+00
-2.085632324218750000e+00
-4.272123798727989197e-02
7.453193068504333496e-01
8.120848536491394043e-01
-4.211792945861816406e-01
8.473730683326721191e-01
-1.062649846076965332e+00
-8.626415133476257324e-01
-1.079174876213073730e+00
8.875610232353210449e-01
3.494087457656860352e-01
-5.652479454874992371e-02
-9.138329029083251953e-01
-4.263732135295867920e-01
-8.255168795585632324e-01
-5.653812289237976074e-01
6.482337117195129395e-01
7.049667835235595703e-01
-6.306897401809692383e-01
4.834328591823577881e-01
1.385529279708862305e+00
1.108301401138305664e+00
8.654857873916625977e-01
2.686145007610321045e-01
1.280323505401611328e+00
-2.179301023483276367e+00
5.351715087890625000e-01
-1.033367991447448730e+00
6.723787188529968262e-01
-8.876709342002868652e-01
1.002667427062988281e+00
-1.000443935394287109e+00
4.102725982666015625e-01
-4.974254965782165527e-02
6.038131564855575562e-02
-1.825214177370071411e-01
