8.014761209487915039e-01
1.252242445945739746e+00
-2.220256328582763672e+00
7.730073332786560059e-01
-4.874152243137359619e-01
6.170002818107604980e-01
-2.157161198556423187e-02
-1.621164917945861816e+00
3.206607103347778320e-01
-7.450171113014221191e-01
-7.703868746757507324e-01
5.665403008460998535e-01
-1.848720669746398926e+00
-2.879768610000610352e-01
1.061836242675781250e+00
1.974917054176330566e+00
-3.800355270504951477e-02
-6.941961050033569336e-01
-1.750990897417068481e-01
-1.254792571067810059e+00
6.429265141487121582e-01
-2.526998519897460938e-02
1.069174528121948242e+00
1.295363456010818481e-01
-6.560493111610412598e-01
1.533731102943420410e+00
1.662023901939392090e+00
-8.230799436569213867e-02
1.209047317504882812e+00
3.874340355396270752e-01
1.684424042701721191e+00
-2.944522537291049957e-02
1.313049316406250000e+00
3.066771626472473145e-01
-8.182390332221984863e-01
6.049233675003051758e-01
-5.559520125389099121e-01
2.818708419799804688e-01
2.956002056598663330e-01
-1.955307841300964355e+00
-1.528616249561309814e-01
-2.186862468719482422e+00
6.483717560768127441e-01
-3.324050903320312500e-01
4.417590498924255371e-01
-2.658493816852569580e-01
5.960819721221923828e-01
-1.302704215049743652e+00
7.390327453613281250e-01
-3.380644321441650391e-01
1.002728939056396484e+00
4.076712727546691895e-01
-5.097665786743164062e-01
4.521239995956420898e-01
-2.225841045379638672e+00
-3.482185602188110352e-01
1.418138384819030762e+00
6.563563942909240723e-01
1.276296615600585938e+00
9.799823164939880371e-01
3.405176848173141479e-02
-4.125724434852600098e-01
9.503210186958312988e-01
1.205789446830749512e+00
1.807876229286193848e+00
1.298824667930603027e+00
8.027346134185791016e-01
7.902280092239379883e-01
-4.953005313873291016e-01
6.805182099342346191e-01
9.419264197349548340e-01
1.342985272407531738e+00
6.443026661872863770e-01
7.808146476745605469e-01
-3.210272192955017090e-01
5.031330585479736328e-01
-9.038016200065612793e-02
-1.322801470756530762e+00
6.721501946449279785e-01
1.340762138366699219e+00
2.463651150465011597e-01
-7.434982657432556152e-01
-2.366380542516708374e-01
6.889868527650833130e-02
-6.971883773803710938e-01
-5.895186215639114380e-02
-7.842618227005004883e-01
1.322187542915344238e+00
-1.403679102659225464e-01
-1.155051469802856445e+00
-1.249910235404968262e+00
2.173601090908050537e-01
2.126056432723999023e+00
1.026847481727600098e+00
-1.033642292022705078e+00
1.779885053634643555e+00
-1.359717249870300293e+00
7.475746870040893555e-01
-4.973005130887031555e-02
-2.599628686904907227e+00
