-6.449481248855590820e-01
-1.075080275535583496e+00
2.871606349945068359e-01
-3.730944693088531494e-01
1.099209427833557129e+00
3.842190206050872803e-01
-3.075114190578460693e-01
-1.257040381431579590e+00
2.573202848434448242e-01
1.651992559432983398e+00
1.875537484884262085e-01
-1.046755790710449219e+00
9.877829551696777344e-01
4.479177892208099365e-01
-1.114951014518737793e+00
-1.450133472681045532e-01
-5.283657461404800415e-02
6.318380236625671387e-01
1.074189424514770508e+00
7.948588132858276367e-01
1.205219984054565430e+00
-6.115065217018127441e-01
9.649109840393066406e-01
-1.424297213554382324e+00
4.084884822368621826e-01
-1.418627142906188965e+00
1.214035898447036743e-01
9.658850431442260742e-01
-1.099755406379699707e+00
1.138030648231506348e+00
1.956300377845764160e+00
-4.473005235195159912e-01
-6.160370111465454102e-01
-2.596159651875495911e-02
2.127235174179077148e+00
-9.976531267166137695e-01
3.727106153964996338e-01
1.722810417413711548e-01
-2.276047229766845703e+00
2.391161173582077026e-01
-6.082070469856262207e-01
8.733983039855957031e-01
3.319703973829746246e-03
-6.594528555870056152e-01
-1.969892263412475586e+00
-9.553946256637573242e-01
-2.776296436786651611e-01
8.830553293228149414e-01
7.192750573158264160e-01
-2.376193284988403320e+00
8.108339309692382812e-01
-8.513919115066528320e-01
1.906652331352233887e+00
-7.970552444458007812e-01
-2.016105413436889648e+00
1.001100301742553711e+00
2.766578495502471924e-01
-1.362367160618305206e-02
1.442343950271606445e+00
3.615861237049102783e-01
2.126575708389282227e+00
1.668136715888977051e+00
2.283988952636718750e+00
2.953136265277862549e-01
-5.775758624076843262e-01
-6.928005814552307129e-01
-3.365407884120941162e-01
4.753905236721038818e-01
-8.248209208250045776e-02
6.865329742431640625e-01
-1.924197077751159668e+00
-1.968853473663330078e-01
2.020603567361831665e-01
4.688493311405181885e-01
6.572359800338745117e-01
4.392465949058532715e-01
-3.858087062835693359e-01
-1.083218574523925781e+00
5.278221964836120605e-01
-1.221537068486213684e-01
-1.305156826972961426e+00
-2.071848511695861816e-01
2.266507863998413086e+00
6.123004555702209473e-01
5.333187580108642578e-01
-3.431419730186462402e-01
-6.000877022743225098e-01
-7.642388939857482910e-01
-2.186179719865322113e-02
-8.775457739830017090e-01
1.057144761085510254e+00
-2.171567916870117188e+00
-1.716549873352050781e+00
-6.250435709953308105e-01
-1.724208235740661621e+00
-1.005551695823669434e+00
-2.820303738117218018e-01
-1.134711623191833496e+00
4.800778627395629883e-01
9.263172745704650879e-01
