-4.058325886726379395e-01
4.093331992626190186e-01
1.076557636260986328e+00
1.213118672370910645e+00
-9.988234639167785645e-01
6.835558414459228516e-01
-3.607029020786285400e-01
3.889435231685638428e-01
-5.596947669982910156e-01
-6.223071813583374023e-01
-1.946870207786560059e+00
4.355506300926208496e-01
-3.710394725203514099e-02
7.886976599693298340e-01
-1.801346898078918457e+00
1.767459660768508911e-01
-8.770976662635803223e-01
4.356217384338378906e-01
-1.220386251807212830e-01
1.551041454076766968e-01
-9.679713845252990723e-01
4.275079071521759033e-01
9.464928507804870605e-01
-7.037742435932159424e-02
1.525342762470245361e-01
2.354953289031982422e-01
8.413153886795043945e-01
3.353949785232543945e-01
4.300855398178100586e-01
1.045239686965942383e+00
-8.614776134490966797e-01
-9.348720312118530273e-01
7.399657368659973145e-01
3.632175624370574951e-01
6.396561861038208008e-02
2.428618371486663818e-01
-1.315697580575942993e-01
4.056565761566162109e-01
-6.463000774383544922e-01
-1.414181828498840332e+00
-1.993964433670043945e+00
1.850798130035400391e-01
3.810581564903259277e-01
3.990205228328704834e-01
-7.020672559738159180e-01
-2.725549042224884033e-01
-6.393164396286010742e-01
4.514236748218536377e-01
1.183493018150329590e+00
1.115880608558654785e+00
1.696566820144653320e+00
-4.786203503608703613e-01
1.270855665206909180e+00
1.524860978126525879e+00
-4.100791811943054199e-01
-4.534802734851837158e-01
1.185878992080688477e+00
1.652090311050415039e+00
1.852586418390274048e-01
9.818889498710632324e-01
-1.107153668999671936e-01
-9.029682278633117676e-01
1.003870368003845215e+00
5.695497989654541016e-01
-2.886892259120941162e-01
-8.285036087036132812e-01
1.156421780586242676e+00
-4.805777966976165771e-01
-9.983946681022644043e-01
1.215540170669555664e-01
-3.065596818923950195e+00
-2.582066774368286133e+00
-6.132966279983520508e-01
-2.478405237197875977e-01
-2.595116198062896729e-02
-5.226995348930358887e-01
-5.535267665982246399e-02
1.231912970542907715e+00
-2.438635677099227905e-01
2.160925149917602539e+00
-9.564711451530456543e-01
-1.148492217063903809e+00
1.159676671028137207e+00
-2.772433161735534668e-01
1.176577806472778320e+00
5.383937954902648926e-01
-8.403990268707275391e-01
-1.256230711936950684e+00
-9.887717366218566895e-01
-7.585443854331970215e-01
-8.931341171264648438e-01
-3.953500092029571533e-01
-8.257189989089965820e-01
-7.967517971992492676e-01
2.273698002099990845e-01
-1.128784775733947754e+00
5.330572277307510376e-02
-7.715427279472351074e-01
2.798126339912414551e-01
-5.884458422660827637e-01
