-4.896368831396102905e-02
-1.007535576820373535e+00
1.070428252220153809e+00
-7.298005819320678711e-01
3.840454518795013428e-01
6.704614162445068359e-01
7.311726212501525879e-01
1.279935598373413086e+00
-2.765088379383087158e-01
-4.167363345623016357e-01
-3.516357839107513428e-01
5.848399996757507324e-01
7.337664067745208740e-02
-5.732477903366088867e-01
1.288249135017395020e+00
5.465536117553710938e-01
-3.054803311824798584e-01
2.635855197906494141e+00
2.209207057952880859e+00
1.771548241376876831e-01
7.795426249504089355e-01
-7.157927155494689941e-01
1.108197689056396484e+00
-6.766769289970397949e-01
-8.601351976394653320e-01
9.453300833702087402e-01
-2.416201591491699219e+00
1.472189426422119141e+00
7.137768715620040894e-02
-4.534526541829109192e-02
4.920975565910339355e-01
1.121383905410766602e+00
-9.732684493064880371e-01
-2.537427656352519989e-02
1.626318335533142090e+00
8.211858272552490234e-01
-1.145863682031631470e-01
3.669877350330352783e-01
-1.148385882377624512e+00
-1.150850772857666016e+00
1.572340875864028931e-01
1.444975007325410843e-02
1.394604086875915527e+00
8.570163249969482422e-01
1.812256425619125366e-01
-2.363109141588211060e-01
8.638780117034912109e-01
-1.346326708793640137e+00
-9.061699509620666504e-01
-1.188445687294006348e+00
1.368573307991027832e+00
-7.411237955093383789e-01
-6.302995085716247559e-01
3.641811907291412354e-01
5.297155305743217468e-02
-8.459324836730957031e-01
-8.003494143486022949e-01
8.273263573646545410e-01
-5.066384673118591309e-01
4.259479641914367676e-01
1.251027137041091919e-01
1.948353528976440430e+00
5.174362659454345703e-02
-1.590967297554016113e+00
3.932207524776458740e-01
-4.080455303192138672e-01
1.689756274223327637e+00
1.313330411911010742e+00
-1.164872169494628906e+00
1.296021103858947754e+00
-2.031381368637084961e+00
9.601654410362243652e-01
1.016970276832580566e+00
2.986566066741943359e+00
-1.140120387077331543e+00
-1.326890945434570312e+00
-1.177791595458984375e+00
1.807569146156311035e+00
-8.710570335388183594e-01
-1.482709765434265137e+00
-5.513128638267517090e-01
1.338061690330505371e+00
-1.307447999715805054e-01
-2.984319925308227539e+00
-3.312045335769653320e-01
-5.253371000289916992e-01
-1.452569007873535156e+00
1.446408867835998535e+00
-1.922679692506790161e-01
-9.615960717201232910e-02
1.041375279426574707e+00
9.008234143257141113e-01
-1.880598902702331543e+00
-1.243118718266487122e-01
1.942843347787857056e-01
-8.231524825096130371e-01
2.965315878391265869e-01
-1.725314974784851074e+00
5.029879212379455566e-01
-2.196578264236450195e+00
