-1.236121505498886108e-01
-6.995140016078948975e-02
7.322664856910705566e-01
3.223419785499572754e-01
8.753682971000671387e-01
2.847667932510375977e-01
-1.216758415102958679e-01
1.018238425254821777e+00
-1.033189773559570312e+00
-4.429062008857727051e-01
2.519548535346984863e-01
9.429484009742736816e-01
5.794537812471389771e-02
4.091868400573730469e-01
-5.132287144660949707e-01
8.583727292716503143e-03
-6.061534881591796875e-01
6.024179458618164062e-01
4.013527035713195801e-01
-1.407281041145324707e+00
-2.057950973510742188e+00
6.151966378092765808e-02
-9.022346735000610352e-01
3.687258660793304443e-01
1.672495841979980469e+00
4.632618725299835205e-01
4.316802620887756348e-01
-2.959806621074676514e-01
-1.282584071159362793e+00
-2.016444951295852661e-01
-1.810741066932678223e+00
-1.278798133134841919e-01
3.765089511871337891e-01
1.382506370544433594e+00
6.520676612854003906e-01
1.350270658731460571e-01
2.647060751914978027e-01
-9.912580996751785278e-02
-1.154492497444152832e+00
-1.885721206665039062e+00
4.040488898754119873e-01
8.089856505393981934e-01
7.113339304924011230e-01
8.386653661727905273e-01
-9.257320165634155273e-01
4.192089438438415527e-01
1.456499099731445312e+00
1.252028107643127441e+00
2.232682228088378906e+00
1.467213779687881470e-01
1.230718120932579041e-01
9.290208816528320312e-01
-5.692324638366699219e-01
-3.666019439697265625e-01
-1.970192313194274902e+00
1.209997296333312988e+00
-3.545692265033721924e-01
1.787779688835144043e+00
2.331806421279907227e-01
4.118653833866119385e-01
3.241919040679931641e+00
-1.987203121185302734e+00
-7.305716872215270996e-01
1.276973009109497070e+00
-4.425278678536415100e-02
-1.429766058921813965e+00
-2.014558762311935425e-01
-9.523648619651794434e-01
-1.558314561843872070e+00
1.108784437179565430e+00
-1.205738663673400879e+00
1.047738790512084961e+00
4.748569130897521973e-01
3.205073177814483643e-01
-1.226991176605224609e+00
-9.826033711433410645e-01
6.257069706916809082e-01
-1.636313199996948242e+00
2.142358303070068359e+00
1.901841759681701660e+00
-8.354696631431579590e-01
2.153247833251953125e+00
-3.666421771049499512e-01
8.471729755401611328e-01
1.010476231575012207e+00
-1.091816067695617676e+00
7.666829228401184082e-01
-1.687264889478683472e-01
8.209108710289001465e-01
1.768060445785522461e+00
-9.308683872222900391e-01
3.443118929862976074e-01
4.314457476139068604e-01
-2.483233928680419922e+00
1.763384342193603516e+00
4.306784644722938538e-02
-5.612788796424865723e-01
-2.066843658685684204e-01
8.798111677169799805e-01
-3.298772275447845459e-01
