9.880179166793823242e-01
-3.364695906639099121e-01
-1.530055522918701172e+00
1.381807208061218262e+00
-1.491665959358215332e+00
-2.598902583122253418e-01
6.989640593528747559e-01
-9.103803038597106934e-01
-1.384940981864929199e+00
-7.015222311019897461e-01
1.577846646308898926e+00
1.477062225341796875e+00
9.670825600624084473e-01
1.541026085615158081e-01
2.697384059429168701e-01
-1.542001605033874512e+00
-8.496285676956176758e-01
-1.268626451492309570e-01
1.505799412727355957e+00
-3.285259902477264404e-01
-3.323197066783905029e-01
-1.362298965454101562e+00
2.481369972229003906e+00
8.387622237205505371e-01
7.262249588966369629e-01
1.070514544844627380e-01
-1.092469334602355957e+00
-9.212607145309448242e-02
1.373711079359054565e-01
1.650115728378295898e+00
2.147755146026611328e+00
6.489160060882568359e-01
3.265760242938995361e-01
1.547407746315002441e+00
-4.769490063190460205e-01
-2.014784067869186401e-01
2.813007235527038574e-01
-6.224654316902160645e-01
-2.977619469165802002e-01
-7.928267717361450195e-01
-1.707581132650375366e-01
-9.202369451522827148e-01
1.525948166847229004e+00
-6.102719809859991074e-03
-1.121700286865234375e+00
5.894681811332702637e-01
-2.409728476777672768e-04
-6.226321309804916382e-02
-4.120486974716186523e-01
1.005239367485046387e+00
5.102106928825378418e-01
-9.574539065361022949e-01
5.603256169706583023e-03
-1.753104329109191895e+00
1.188900113105773926e+00
4.042754694819450378e-02
1.175365090370178223e+00
1.799150109291076660e-01
-5.058942437171936035e-01
-5.101133584976196289e-01
1.112223416566848755e-01
1.866285502910614014e-01
-1.027818396687507629e-01
6.027743592858314514e-02
-1.054700732231140137e+00
-1.121007084846496582e+00
1.682724356651306152e+00
-3.722956478595733643e-01
-1.348835349082946777e+00
-1.387802362442016602e+00
-1.108812332153320312e+00
-6.890940666198730469e-01
1.274780277162790298e-02
5.817394852638244629e-01
-1.191507220268249512e+00
-1.887811273336410522e-01
-8.998571634292602539e-01
4.295250475406646729e-01
1.192814469337463379e+00
6.005871295928955078e-01
-7.533101439476013184e-01
3.073543071746826172e+00
-9.990011900663375854e-02
4.050307348370552063e-02
-3.998934030532836914e-01
-8.188275992870330811e-02
2.130593210458755493e-01
1.323387980461120605e+00
-2.658129632472991943e-01
1.938283890485763550e-01
-1.660980820655822754e+00
-1.187628358602523804e-01
-5.524289608001708984e-01
1.773642420768737793e+00
-3.523348569869995117e-01
-1.176006421446800232e-01
2.208156287670135498e-01
-1.812606751918792725e-01
8.662218451499938965e-01
-8.375862836837768555e-01
