-3.603336811065673828e-01
1.048864722251892090e+00
3.545884788036346436e-01
1.773360848426818848e+00
1.692046642303466797e+00
7.193233370780944824e-01
8.240355253219604492e-01
-1.115665316581726074e+00
1.074073553085327148e+00
-7.985303401947021484e-01
1.427197098731994629e+00
1.484984755516052246e-01
8.547502756118774414e-01
-8.457779288291931152e-01
-1.749562621116638184e+00
-7.194873690605163574e-01
-1.499266147613525391e+00
5.898219347000122070e-01
-2.218535095453262329e-01
4.857170283794403076e-01
1.582221090793609619e-01
-4.933368265628814697e-01
8.244611620903015137e-01
-2.531790971755981445e+00
-6.612848043441772461e-01
1.181805372238159180e+00
-1.060444831848144531e+00
1.982172250747680664e+00
-6.866809725761413574e-01
1.772705197334289551e+00
-1.754144877195358276e-01
1.131623029708862305e+00
1.061491966247558594e+00
-1.485330164432525635e-01
-1.748172283172607422e+00
-4.820340126752853394e-02
-4.260335862636566162e-01
-6.529867649078369141e-01
1.985527127981185913e-01
-1.729829192161560059e+00
-1.063007831573486328e+00
-6.794500946998596191e-01
1.580839753150939941e+00
-2.152257710695266724e-01
3.904287517070770264e-01
1.245846509933471680e+00
-1.014490127563476562e+00
2.103922963142395020e-01
2.381032466888427734e+00
-1.772159151732921600e-02
-3.834487497806549072e-01
-1.620674133300781250e+00
1.639864295721054077e-01
-3.049890995025634766e-01
1.013944625854492188e+00
-2.294179052114486694e-02
9.245916604995727539e-01
-7.533612251281738281e-01
7.594610452651977539e-01
-2.092467993497848511e-01
-7.554500102996826172e-01
-8.786328434944152832e-01
-5.498817935585975647e-02
1.330015540122985840e+00
4.347319304943084717e-01
1.171705052256584167e-01
-8.982402682304382324e-01
-2.278808206319808960e-01
-2.805255055427551270e-01
8.743659853935241699e-01
-4.096906781196594238e-01
-4.114345610141754150e-01
3.501826226711273193e-01
5.301730036735534668e-01
7.505516409873962402e-01
1.100111603736877441e+00
1.290130734443664551e+00
-1.242356181144714355e+00
-1.009639501571655273e+00
-4.123269319534301758e-01
2.657235860824584961e-01
7.181913256645202637e-01
5.647581219673156738e-01
-1.148660033941268921e-01
-1.327212154865264893e-01
-7.210594415664672852e-01
5.550065040588378906e-01
-2.496740967035293579e-01
8.749576210975646973e-01
6.617200970649719238e-01
8.431209921836853027e-01
9.258529171347618103e-03
5.262762308120727539e-01
3.735419511795043945e-01
1.276101022958755493e-01
1.319158315658569336e+00
1.364115476608276367e+00
-5.250286459922790527e-01
1.662186741828918457e+00
8.153064250946044922e-01
