1.000646829605102539e+00
-1.031145334243774414e+00
2.720378875732421875e+00
4.027543663978576660e-01
-2.484617680311203003e-01
-6.925914883613586426e-01
-8.566964864730834961e-01
1.265904009342193604e-01
4.899558722972869873e-01
-1.622828125953674316e+00
-1.382094621658325195e+00
1.354754567146301270e+00
1.454826116561889648e+00
-5.802445411682128906e-01
1.427062273025512695e+00
-1.362591087818145752e-01
8.407516777515411377e-02
6.928181052207946777e-01
-2.325143069028854370e-01
-1.416075587272644043e+00
2.147349417209625244e-01
6.781706213951110840e-01
9.292105585336685181e-02
-1.066308498382568359e+00
1.546160131692886353e-01
1.383177161216735840e+00
-1.877403140068054199e+00
9.047805666923522949e-01
3.400043547153472900e-01
2.004745602607727051e-01
-1.302245378494262695e+00
-1.364332288503646851e-01
-1.621355891227722168e+00
3.807720243930816650e-01
-7.579647302627563477e-01
2.246518582105636597e-01
5.768413543701171875e-01
2.802373766899108887e-01
-1.300404667854309082e+00
-1.553789854049682617e+00
1.406212091445922852e+00
9.472038149833679199e-01
-1.173361182212829590e+00
-8.608124852180480957e-01
9.399508833885192871e-01
-6.038446445018053055e-03
-1.786912202835083008e+00
-1.023641705513000488e+00
5.255173444747924805e-01
-8.877081871032714844e-01
-2.597493827342987061e-01
-1.066639542579650879e+00
2.713485062122344971e-01
-8.944423794746398926e-01
-3.206756114959716797e-01
-3.236854076385498047e+00
-2.407014928758144379e-02
8.217349648475646973e-01
9.737623929977416992e-01
-1.136712908744812012e+00
1.749570965766906738e+00
-9.442872405052185059e-01
-2.919181808829307556e-02
-2.800564289093017578e+00
-8.822310566902160645e-01
-2.601418197154998779e-01
-1.495380997657775879e-01
-1.051575899124145508e+00
-3.990451395511627197e-01
1.585168123245239258e+00
8.118364810943603516e-01
4.587771892547607422e-01
7.007679939270019531e-01
-1.186890155076980591e-01
3.403572440147399902e-01
-6.701759248971939087e-02
-1.885351985692977905e-01
-1.154401421546936035e+00
-4.940184205770492554e-02
5.479701608419418335e-02
1.127130538225173950e-02
-2.480689436197280884e-02
1.140782117843627930e+00
-2.617102861404418945e-01
8.372817635536193848e-01
-1.173716425895690918e+00
-1.710212588310241699e+00
-1.568845033645629883e+00
5.087974071502685547e-01
7.402049303054809570e-01
1.035408854484558105e+00
-7.292602211236953735e-02
-2.013002336025238037e-01
1.244938492774963379e+00
-1.973772346973419189e-01
1.010392665863037109e+00
1.100151300430297852e+00
-2.074013948440551758e+00
-1.548701167106628418e+00
-1.515084981918334961e+00
