-1.526133656501770020e+00
7.628351449966430664e-01
-4.986771345138549805e-01
-3.773495182394981384e-02
1.011553406715393066e+00
4.977518022060394287e-01
-3.278684914112091064e-01
-3.613496944308280945e-02
3.959541916847229004e-01
-1.389048814773559570e+00
-1.568060398101806641e+00
5.181144475936889648e-01
-1.192831993103027344e+00
5.751327052712440491e-02
3.712219595909118652e-01
8.561682701110839844e-01
2.627084553241729736e-01
-1.371309995651245117e+00
1.466032147407531738e+00
-1.002698659896850586e+00
-6.577098965644836426e-01
1.163994073867797852e+00
1.317173361778259277e+00
5.146631598472595215e-01
9.998725056648254395e-01
4.137867093086242676e-01
-1.729360699653625488e+00
1.586758345365524292e-01
-3.510907590389251709e-01
-9.412624239921569824e-01
6.458425521850585938e-01
-1.163651466369628906e+00
-2.347042560577392578e+00
-4.471121728420257568e-01
-4.314318597316741943e-01
-3.611260950565338135e-01
1.639692306518554688e+00
-6.803959012031555176e-01
-1.628753304481506348e+00
9.018267393112182617e-01
1.111541032791137695e+00
8.234977126121520996e-01
-1.858230471611022949e+00
3.537767827510833740e-01
3.896797448396682739e-02
1.883935183286666870e-01
-1.678599417209625244e-01
8.244265913963317871e-01
-9.872286021709442139e-02
-2.273870706558227539e-01
-3.796997070312500000e-01
7.411847710609436035e-01
1.273079812526702881e-01
-4.719015061855316162e-01
7.265211343765258789e-01
4.518139660358428955e-01
-1.531238555908203125e+00
3.566340804100036621e-01
-8.296879529953002930e-01
-7.739476561546325684e-01
-8.301457166671752930e-01
1.314076036214828491e-02
-1.472437381744384766e-01
-6.296884417533874512e-01
-2.251244783401489258e+00
8.917919546365737915e-02
5.927262306213378906e-01
6.839519739151000977e-01
-1.233040928840637207e+00
2.010833472013473511e-01
-8.278370648622512817e-02
9.496878981590270996e-01
1.088901609182357788e-01
-3.505487367510795593e-02
1.130966663360595703e+00
1.008363813161849976e-01
7.169653177261352539e-01
4.318872690200805664e-01
-8.839761465787887573e-02
-4.740949869155883789e-01
1.766580462455749512e+00
-2.048040628433227539e+00
1.715624570846557617e+00
-1.096336245536804199e+00
1.901093274354934692e-01
2.915447056293487549e-01
-1.309616565704345703e+00
9.533482193946838379e-01
-1.008422017097473145e+00
2.904513597488403320e+00
2.474086917936801910e-02
2.383349239826202393e-01
1.690629005432128906e+00
2.228050976991653442e-01
2.186603307723999023e+00
4.337759613990783691e-01
-1.305827736854553223e+00
-1.488258242607116699e+00
-3.255844116210937500e-01
2.320017337799072266e+00
