5.325011610984802246e-01
-6.418428421020507812e-01
-4.939417541027069092e-01
-2.486051432788372040e-02
-1.393575906753540039e+00
-1.294352889060974121e+00
-5.934785604476928711e-01
2.741609215736389160e-01
-3.495077490806579590e-01
1.369585037231445312e+00
-1.852817684412002563e-01
-4.402188658714294434e-01
-7.008813023567199707e-01
8.634887933731079102e-01
8.787566423416137695e-01
4.825983941555023193e-01
-8.894448876380920410e-01
-1.141439437866210938e+00
1.084372162818908691e+00
-1.160504102706909180e+00
-9.322001338005065918e-01
-9.215493202209472656e-01
1.240039110183715820e+00
2.149410486221313477e+00
-1.030154898762702942e-01
6.878961920738220215e-01
-1.071210503578186035e+00
-3.193317949771881104e-01
2.564976215362548828e+00
-8.231901526451110840e-01
1.039381995797157288e-01
-1.932560086250305176e+00
4.682734012603759766e-01
5.373640656471252441e-01
7.190910577774047852e-01
1.637628078460693359e+00
4.943323135375976562e-01
-3.955135047435760498e-01
-4.659014046192169189e-01
2.483059018850326538e-01
5.495216846466064453e-01
-6.797122955322265625e-02
6.205055117607116699e-01
3.407469987869262695e-01
-1.584831237792968750e+00
9.217035770416259766e-01
-6.568827629089355469e-01
-1.345051229000091553e-01
-8.561880588531494141e-01
1.109355330467224121e+00
-1.467761874198913574e+00
-4.827399551868438721e-01
5.369449853897094727e-01
1.042770385742187500e+00
-2.063967585563659668e-01
-7.936061620712280273e-01
1.785002946853637695e-01
1.259734034538269043e+00
-3.671875000000000000e-01
-3.718152344226837158e-01
-6.309752464294433594e-01
6.169898509979248047e-01
-8.095653653144836426e-01
1.343008518218994141e+00
-2.057361900806427002e-01
1.102539658546447754e+00
1.301013380289077759e-01
-1.589682549238204956e-01
9.224506467580795288e-02
9.397722482681274414e-01
-9.923213720321655273e-01
-3.938562572002410889e-01
-2.652741074562072754e-01
-7.190974354743957520e-01
1.895686149597167969e+00
1.605899214744567871e+00
5.353863835334777832e-01
1.259212642908096313e-01
1.584609746932983398e+00
6.227486729621887207e-01
1.319129765033721924e-01
-1.085609436035156250e+00
-1.920667529106140137e+00
-1.449885725975036621e+00
3.776252567768096924e-01
1.709430098533630371e+00
1.815715432167053223e-01
-2.613124847412109375e-01
-5.590208768844604492e-01
1.151063889265060425e-01
6.130083203315734863e-01
-1.521437466144561768e-01
-6.717773526906967163e-02
-4.027882218360900879e-01
-1.041216850280761719e+00
1.283454060554504395e+00
-3.347514867782592773e-01
-2.213790178298950195e+00
1.712844818830490112e-01
-4.097013771533966064e-01
