-1.168413281440734863e+00
6.141203045845031738e-01
1.333492159843444824e+00
-2.837525904178619385e-01
6.395549774169921875e-01
-2.964138686656951904e-01
-8.010817766189575195e-01
2.482950389385223389e-01
-1.462070703506469727e+00
-4.753769338130950928e-01
-4.725015163421630859e-01
-2.856810092926025391e-01
-7.508808374404907227e-01
1.002993360161781311e-01
-1.321412444114685059e+00
-2.039068192243576050e-01
-1.843280345201492310e-01
-3.077482432126998901e-02
-7.632253766059875488e-01
-9.669683873653411865e-02
9.924863576889038086e-01
-4.509073197841644287e-01
9.489466995000839233e-02
1.305409193038940430e+00
4.846172630786895752e-01
-7.452681064605712891e-01
9.342154264450073242e-01
-5.396289229393005371e-01
8.594144582748413086e-01
1.162103176116943359e+00
-1.106110692024230957e+00
-4.513531625270843506e-01
1.934283494949340820e+00
4.461185634136199951e-01
-1.239867210388183594e+00
-4.336366355419158936e-01
1.927831768989562988e+00
-1.753563523292541504e+00
-6.342970132827758789e-01
-2.121025174856185913e-01
-1.611477613449096680e+00
1.142146468162536621e+00
1.603211402893066406e+00
-3.392338156700134277e-01
2.813754081726074219e-01
4.725706875324249268e-01
2.054986476898193359e+00
4.982085824012756348e-01
9.247377514839172363e-01
-5.152387022972106934e-01
-6.368680596351623535e-01
-4.364458322525024414e-01
-8.055871725082397461e-02
3.531262278556823730e-01
-7.528253793716430664e-01
-3.732723891735076904e-01
7.232222557067871094e-01
1.137014269828796387e+00
-5.250801444053649902e-01
-9.139891862869262695e-01
-1.495939940214157104e-01
-8.024493455886840820e-01
-3.074886798858642578e-01
2.530860900878906250e+00
-1.132870674133300781e+00
8.494594693183898926e-01
4.428596794605255127e-01
-1.239280819892883301e+00
-5.296446681022644043e-01
2.109126806259155273e+00
8.715812861919403076e-02
5.346199274063110352e-01
8.091703653335571289e-01
-1.575383782386779785e+00
-1.341749906539916992e+00
-3.625941276550292969e-01
1.184682607650756836e+00
1.252120360732078552e-03
2.806836068630218506e-01
9.408954381942749023e-01
1.618710756301879883e+00
2.590460777282714844e-01
-1.248683810234069824e+00
-2.082512378692626953e-01
-1.398617178201675415e-01
5.490136742591857910e-01
5.071789622306823730e-01
1.677010655403137207e+00
-7.514588236808776855e-01
-9.779427051544189453e-01
5.380865931510925293e-01
-8.347094058990478516e-01
-4.406367987394332886e-02
-8.827680945396423340e-01
2.049856424331665039e+00
-7.615917325019836426e-01
-8.950144052505493164e-02
-1.649709701538085938e+00
2.067930936813354492e+00
8.305609971284866333e-02
