2.097327411174774170e-01
6.649330258369445801e-01
5.272790789604187012e-02
-3.019662201404571533e-01
2.396186828613281250e+00
7.028799653053283691e-01
1.574229896068572998e-01
8.351343274116516113e-01
-7.356376051902770996e-01
1.082073152065277100e-01
8.638940453529357910e-01
7.733179628849029541e-02
6.682460904121398926e-01
-1.349563002586364746e-01
-2.517265677452087402e-01
1.844894170761108398e+00
-1.609673380851745605e+00
2.940438985824584961e-01
1.366398632526397705e-01
-6.959096193313598633e-01
-9.722319841384887695e-01
-1.517545938491821289e+00
-7.066015601158142090e-01
-3.780134916305541992e-01
1.372843384742736816e+00
1.713609509170055389e-02
-8.771759867668151855e-01
1.129682183265686035e+00
3.686018288135528564e-01
1.675777554512023926e+00
-5.021502375602722168e-01
-5.735307335853576660e-01
-1.160884380340576172e+00
-2.837250828742980957e-01
3.079037964344024658e-01
3.080159723758697510e-01
2.129564732313156128e-01
2.842593006789684296e-02
-1.174178004264831543e+00
-6.917304992675781250e-01
-1.289898991584777832e+00
-7.923389673233032227e-01
-6.592757105827331543e-01
3.791621923446655273e-01
1.749890744686126709e-01
2.546020507812500000e+00
1.874680280685424805e+00
-6.100208312273025513e-02
5.440151691436767578e-01
-9.611433744430541992e-01
-4.066093564033508301e-01
-1.455277502536773682e-01
-6.293904781341552734e-01
-1.459558248519897461e+00
-6.276183724403381348e-01
1.186375379562377930e+00
-8.498963117599487305e-01
1.216967463493347168e+00
7.464633584022521973e-01
6.314306855201721191e-01
-1.591366380453109741e-01
-1.543102502822875977e+00
-1.383204936981201172e+00
-2.071942329406738281e+00
-9.948382377624511719e-01
-1.958073675632476807e-01
1.068118691444396973e+00
6.202576160430908203e-01
-1.632553458213806152e+00
1.591190576553344727e+00
1.228647530078887939e-01
1.033621788024902344e+00
-9.577007293701171875e-01
3.270886242389678955e-01
-3.721914589405059814e-01
1.202162504196166992e+00
8.534236550331115723e-01
3.573964238166809082e-01
1.164095878601074219e+00
9.008988738059997559e-01
3.658606708049774170e-01
1.816518157720565796e-01
6.472413428127765656e-03
1.673218607902526855e-02
5.002533793449401855e-01
-8.690008521080017090e-01
9.699570536613464355e-01
-1.333393096923828125e+00
1.151642322540283203e+00
-1.669135808944702148e+00
3.434595167636871338e-01
1.553718559443950653e-02
1.288377940654754639e-01
-2.630208134651184082e-01
-9.218014031648635864e-02
2.019940853118896484e+00
-9.995143860578536987e-02
2.019061446189880371e-01
-1.381277799606323242e+00
-3.812277019023895264e-01
