2.102740049362182617e+00
1.690304279327392578e+00
9.089467525482177734e-01
7.151664495468139648e-01
5.050293356180191040e-02
-5.401669740676879883e-01
1.373695611953735352e+00
-1.736206650733947754e+00
-3.227161765098571777e-01
-6.008273363113403320e-01
2.055140435695648193e-01
8.680322170257568359e-01
-1.005811452865600586e+00
-1.040880441665649414e+00
-1.411981821060180664e+00
7.514078617095947266e-01
2.200748771429061890e-01
4.108849465847015381e-01
2.844625115394592285e-01
1.965773254632949829e-01
4.723298549652099609e-01
-1.214798569679260254e+00
-3.641571998596191406e-01
1.513160586357116699e+00
-6.895188093185424805e-01
-1.785359680652618408e-01
7.077713012695312500e-01
9.534908533096313477e-01
3.722182512283325195e-01
6.047108769416809082e-01
3.633354604244232178e-01
2.812945544719696045e-01
-1.368053436279296875e+00
-1.761303424835205078e+00
-1.045954450964927673e-01
-2.956243157386779785e-01
1.767075419425964355e+00
6.884827613830566406e-01
2.877650260925292969e-01
8.225311338901519775e-02
-1.674005746841430664e+00
8.722234368324279785e-01
1.733782768249511719e+00
-2.146016210317611694e-01
1.006088614463806152e+00
-9.644946455955505371e-01
-4.084717929363250732e-01
2.126502990722656250e+00
-8.843639492988586426e-01
4.189214110374450684e-02
1.078947354108095169e-02
3.065372407436370850e-01
1.416549086570739746e+00
-1.864739656448364258e-01
1.126331329345703125e+00
-7.155670523643493652e-01
-1.604989171028137207e+00
-7.807050347328186035e-01
-1.806823492050170898e+00
-1.108173251152038574e+00
2.584485411643981934e-01
3.496417403221130371e-01
8.781962394714355469e-01
1.126062154769897461e+00
-1.336519598960876465e+00
-2.523149847984313965e-01
-3.153531551361083984e-01
9.023673534393310547e-01
-3.643732964992523193e-01
4.871637821197509766e-01
-7.295937538146972656e-01
1.664455533027648926e+00
-3.422048985958099365e-01
-3.743634223937988281e-01
3.795186579227447510e-01
-1.745422959327697754e+00
-4.690067470073699951e-01
4.801631569862365723e-01
1.564201831817626953e+00
-1.864707767963409424e-01
1.998436570167541504e+00
3.642814457416534424e-01
-1.802083849906921387e-01
-1.012843608856201172e+00
-2.451074600219726562e+00
2.022778987884521484e+00
1.214076161384582520e+00
1.748662233352661133e+00
-8.542336821556091309e-01
3.794227540493011475e-02
1.834404915571212769e-01
-2.058106899261474609e+00
4.934262633323669434e-01
6.204105615615844727e-01
-1.061136484146118164e+00
-1.810545921325683594e+00
9.399462342262268066e-01
-7.075138688087463379e-01
-2.598947286605834961e-01
5.479757189750671387e-01
