8.306600153446197510e-03
-2.943009436130523682e-01
-1.737245440483093262e+00
-1.266433238983154297e+00
1.212091445922851562e+00
1.162341311573982239e-01
-1.974526882171630859e+00
5.996738001704216003e-02
-5.292732715606689453e-01
-1.307354211807250977e+00
2.885029613971710205e-01
8.998061716556549072e-02
-3.558464720845222473e-02
1.862578511238098145e+00
-1.677648872137069702e-01
-1.977021545171737671e-01
9.984794855117797852e-01
-4.889044165611267090e-01
3.762348890304565430e-01
-8.107976913452148438e-01
1.002301573753356934e-01
-5.583800077438354492e-01
-3.150683879852294922e+00
5.697607994079589844e-01
1.773710250854492188e+00
1.033787846565246582e+00
-4.256244599819183350e-01
2.564531266689300537e-01
-9.257280230522155762e-01
9.880171418190002441e-01
6.250111460685729980e-01
1.300186216831207275e-01
8.900001049041748047e-01
1.657641410827636719e+00
2.035003304481506348e-01
-6.588909775018692017e-02
1.189163804054260254e+00
1.372146159410476685e-01
-1.337210059165954590e+00
9.551136195659637451e-02
-4.314005672931671143e-01
4.009276628494262695e-01
5.460184216499328613e-01
-1.204003095626831055e+00
1.431853771209716797e+00
9.111101627349853516e-01
6.798901557922363281e-01
1.707368493080139160e+00
-8.562365174293518066e-01
2.045908212661743164e+00
-2.436261177062988281e+00
1.499271512031555176e+00
-2.176648080348968506e-01
1.637026518583297729e-01
-7.715906500816345215e-01
-1.071782350540161133e+00
-7.709044963121414185e-03
2.414650321006774902e-01
-7.441591620445251465e-01
-5.758466124534606934e-01
-3.036834597587585449e-01
7.126810550689697266e-01
-6.502282023429870605e-01
3.848324418067932129e-01
9.233295917510986328e-01
-9.553586840629577637e-01
-6.185165643692016602e-01
6.201710104942321777e-01
7.981626987457275391e-01
7.522466778755187988e-01
-5.952156782150268555e-01
2.971433997154235840e-01
-2.192842811346054077e-01
2.078943967819213867e+00
-9.968579560518264771e-02
-6.767495274543762207e-01
7.101693749427795410e-02
2.905878424644470215e-01
-1.161028265953063965e+00
-1.766753494739532471e-01
-9.443452954292297363e-01
9.604740142822265625e-01
-1.959531307220458984e+00
1.210510373115539551e+00
-6.997553110122680664e-01
4.155717194080352783e-01
4.224462062120437622e-02
1.323899626731872559e+00
-1.297254681587219238e+00
2.334605932235717773e+00
9.743998050689697266e-01
4.267248511314392090e-01
2.808960527181625366e-02
-8.755434751510620117e-01
4.510888755321502686e-01
5.126811265945434570e-01
-1.121321558952331543e+00
2.628617584705352783e-01
2.057109326124191284e-01
9.085732102394104004e-01
