1.123489737510681152e+00
8.946030735969543457e-01
5.230898261070251465e-01
1.059143915772438049e-01
-6.781249046325683594e-01
1.955831348896026611e-01
-2.368889093399047852e+00
1.363611102104187012e+00
9.851405024528503418e-01
1.309913992881774902e+00
-2.242950499057769775e-01
-2.151586115360260010e-01
-2.541731297969818115e-01
5.357866734266281128e-02
1.058497309684753418e+00
2.845268845558166504e-01
-1.377359509468078613e+00
7.849894464015960693e-02
1.083939313888549805e+00
-7.996875643730163574e-01
1.465912461280822754e+00
-5.369967818260192871e-01
-1.526291847229003906e+00
-5.993777886033058167e-02
8.408513665199279785e-01
-8.093973994255065918e-01
-4.223058819770812988e-01
-7.116858363151550293e-01
7.074620723724365234e-01
-3.738664388656616211e-01
-6.766511201858520508e-01
1.366377025842666626e-01
-1.115708708763122559e+00
-1.544911623001098633e+00
1.360259532928466797e+00
-3.545372188091278076e-01
-1.305790066719055176e+00
-4.194513559341430664e-01
7.372924685478210449e-01
2.407124757766723633e+00
-5.182474255561828613e-01
-3.452903032302856445e-01
4.129536449909210205e-01
-1.820658087730407715e+00
1.934319496154785156e+00
7.695659399032592773e-01
7.713830471038818359e-01
1.543796062469482422e+00
-9.719182252883911133e-01
-1.429722905158996582e+00
-1.450987577438354492e+00
-4.758974537253379822e-03
1.003092885017395020e+00
-6.352743506431579590e-01
-2.463611066341400146e-01
-3.310003578662872314e-01
-4.589294083416461945e-03
-5.040459632873535156e-01
-7.643733024597167969e-01
1.983828693628311157e-01
-7.006812095642089844e-01
-1.693752050399780273e+00
-4.620528221130371094e-01
9.338447451591491699e-02
-1.397886276245117188e+00
2.551889121532440186e-01
-1.924050331115722656e+00
-7.883729338645935059e-01
-1.218137145042419434e+00
4.083566665649414062e-01
-7.059612274169921875e-01
-2.049623489379882812e+00
-2.340503595769405365e-02
4.245803356170654297e-01
-8.363577723503112793e-01
5.949189066886901855e-01
1.020097613334655762e+00
-6.346182823181152344e-01
1.559715151786804199e+00
-3.340926170349121094e-01
5.251475572586059570e-01
-8.903809189796447754e-01
1.642606616020202637e+00
-1.515856385231018066e+00
9.575528502464294434e-01
-5.482319593429565430e-01
1.084079027175903320e+00
6.780600547790527344e-02
-5.376926660537719727e-01
5.871449708938598633e-01
1.438186883926391602e+00
-3.537176549434661865e-01
9.703798294067382812e-01
5.164259672164916992e-01
-1.313830375671386719e+00
3.092900514602661133e-01
-1.575683951377868652e+00
-1.666348874568939209e-01
4.333899319171905518e-01
-7.531360387802124023e-01
