1.060762405395507812e+00
-2.744175493717193604e-01
-1.654208064079284668e+00
4.293197765946388245e-02
4.690075814723968506e-01
6.867795437574386597e-02
-2.432625770568847656e+00
-5.671177431941032410e-02
9.937068223953247070e-01
2.334699630737304688e-01
2.186069011688232422e+00
1.213303685188293457e+00
3.544342815876007080e-01
-6.920830011367797852e-01
3.270866274833679199e-01
1.776645541191101074e+00
8.272654563188552856e-02
-2.802649438381195068e-01
-7.890070974826812744e-02
5.632873177528381348e-01
-4.839103817939758301e-01
-9.110848903656005859e-01
5.121986865997314453e-01
-6.946724057197570801e-01
-7.210797667503356934e-01
1.396347403526306152e+00
-1.121859997510910034e-01
-1.921563863754272461e+00
-1.925778388977050781e+00
8.652144670486450195e-01
5.277327299118041992e-01
3.469049930572509766e-01
-6.734394431114196777e-01
2.090512029826641083e-02
-1.679936647415161133e+00
1.269501328468322754e+00
3.114122152328491211e-01
-7.001106739044189453e-01
7.234003394842147827e-02
6.412795186042785645e-01
-1.098735809326171875e+00
-5.860639810562133789e-01
-1.206369161605834961e+00
-1.755726635456085205e-01
1.422910213470458984e+00
-1.191895365715026855e+00
8.136392831802368164e-01
7.037116289138793945e-01
5.324700474739074707e-01
-6.183483600616455078e-01
-6.842960417270660400e-02
4.377792775630950928e-02
-8.196403086185455322e-02
5.682818293571472168e-01
1.602026104927062988e+00
1.836255311965942383e+00
1.034859538078308105e+00
2.022291272878646851e-01
5.524500012397766113e-01
1.357883810997009277e+00
-1.146589368581771851e-01
8.270552158355712891e-01
3.580766320228576660e-01
3.227846622467041016e-01
-6.858812570571899414e-01
9.178940653800964355e-01
-1.484101861715316772e-01
-7.979349046945571899e-02
1.558525085449218750e+00
-4.351799488067626953e-01
9.187889518216252327e-04
1.133948683738708496e+00
1.477639228105545044e-01
4.463488161563873291e-01
-6.659648418426513672e-01
-1.817863732576370239e-01
8.806968480348587036e-02
7.911900281906127930e-01
1.039198994636535645e+00
-1.030010819435119629e+00
-1.069963693618774414e+00
3.081420421600341797e+00
-1.313250958919525146e-01
1.401542901992797852e+00
-9.384647011756896973e-01
1.013690114021301270e+00
-8.781401515007019043e-01
-2.718323767185211182e-01
-4.607400894165039062e-01
-3.362060785293579102e-01
-1.168283939361572266e+00
-8.697085976600646973e-01
5.421591997146606445e-01
1.265952736139297485e-01
8.639861345291137695e-01
1.217968463897705078e+00
-1.136202454566955566e+00
-2.165900707244873047e+00
-1.377276301383972168e+00
-9.229265451431274414e-01
