1.831777215003967285e+00
4.965461194515228271e-01
1.784938871860504150e-01
6.470758318901062012e-01
1.865474700927734375e+00
-1.212610960006713867e+00
-1.764117717742919922e+00
-7.062550783157348633e-01
9.026116877794265747e-02
-2.316198110580444336e+00
-7.945196628570556641e-01
1.683492302894592285e+00
1.422086000442504883e+00
-4.304610192775726318e-01
1.333899497985839844e+00
-8.508902788162231445e-01
3.291887640953063965e-01
-1.256161928176879883e-01
-2.802429497241973877e-01
5.587603449821472168e-01
1.181012272834777832e+00
-1.786424279212951660e+00
8.548702001571655273e-01
-1.064400315284729004e+00
8.733935356140136719e-01
-1.486041426658630371e+00
6.499521732330322266e-01
-9.050773382186889648e-01
-2.748537361621856689e-01
9.325791001319885254e-01
1.106845736503601074e+00
-2.542129755020141602e-01
-3.304722905158996582e-02
4.419148564338684082e-01
-1.774405837059020996e+00
1.346743226051330566e+00
-9.420731663703918457e-01
9.357532858848571777e-02
-7.469458878040313721e-02
-8.166534304618835449e-01
4.634821116924285889e-01
-1.684618182480335236e-02
9.557148218154907227e-01
1.749963164329528809e-01
3.724235594272613525e-01
5.894791483879089355e-01
9.147134423255920410e-02
-5.728891491889953613e-01
-3.519566059112548828e-01
-7.157112360000610352e-01
6.918077915906906128e-02
1.136985942721366882e-01
-2.441758662462234497e-01
-9.177203774452209473e-01
-3.148954808712005615e-01
-1.958480775356292725e-01
6.662066578865051270e-01
-3.837017118930816650e-01
6.078056097030639648e-01
-8.142933249473571777e-01
-2.925664782524108887e-01
-1.321817755699157715e+00
-9.035509824752807617e-02
1.428847193717956543e+00
2.887620925903320312e-01
1.045883059501647949e+00
-1.986526489257812500e+00
8.086081743240356445e-01
-1.149437189102172852e+00
-1.405268311500549316e+00
-7.332614660263061523e-01
-1.378006696701049805e+00
-6.429614424705505371e-01
7.087302207946777344e-01
-3.731296062469482422e-01
-9.934520125389099121e-01
-1.915832050144672394e-02
-8.828695416450500488e-01
3.022683858871459961e-01
-1.844932675361633301e+00
1.779927760362625122e-01
1.870674490928649902e+00
5.139262080192565918e-01
1.197855591773986816e+00
-2.331069469451904297e+00
-8.301915526390075684e-01
1.740029096603393555e+00
2.664099037647247314e-01
1.259953856468200684e+00
6.392262578010559082e-01
-1.571916103363037109e+00
-7.552026510238647461e-01
3.407973647117614746e-01
-1.305789589881896973e+00
-8.605330586433410645e-01
2.545249223709106445e+00
1.621763706207275391e+00
-7.321072816848754883e-01
-1.823941349983215332e+00
-1.082355260848999023e+00
