-1.620168089866638184e-01
1.823252737522125244e-01
2.726303637027740479e-01
-8.155165314674377441e-01
-1.139535188674926758e+00
1.996805658563971519e-03
7.733814716339111328e-01
4.794507101178169250e-02
1.659252643585205078e-01
3.200641274452209473e-01
-2.113292455673217773e+00
1.134555339813232422e-01
5.690115690231323242e-01
1.433153390884399414e+00
5.814218521118164062e-01
1.579861521720886230e+00
-5.706961750984191895e-01
-2.320504426956176758e+00
-7.065775990486145020e-01
-1.314734201878309250e-02
2.505331039428710938e-01
-4.673896729946136475e-01
6.260820627212524414e-01
2.870760262012481689e-01
-1.253521800041198730e+00
-1.466570615768432617e+00
-1.694222688674926758e+00
-1.922973394393920898e+00
-5.245177745819091797e-01
1.205693632364273071e-01
1.305168390274047852e+00
1.704519987106323242e+00
2.243481874465942383e+00
7.925257086753845215e-01
-2.665861248970031738e-01
-9.601893424987792969e-01
1.419333457946777344e+00
-9.698196649551391602e-01
-7.130321860313415527e-02
1.869146704673767090e+00
-1.024525389075279236e-01
8.211018145084381104e-02
-2.007042407989501953e+00
7.351972460746765137e-01
-1.590668708086013794e-01
-1.616547226905822754e+00
-8.345097303390502930e-01
-1.854143291711807251e-01
1.442769169807434082e+00
9.048107266426086426e-02
-1.617401242256164551e+00
2.405741930007934570e+00
4.301272332668304443e-01
-1.007040143013000488e+00
1.145763993263244629e+00
8.198712468147277832e-01
3.328152894973754883e-01
1.213845491409301758e+00
1.355565428733825684e+00
-7.343465685844421387e-01
1.008945941925048828e+00
1.025325894355773926e+00
-1.668440550565719604e-01
1.927835941314697266e+00
-5.777884125709533691e-01
4.775743186473846436e-01
-1.451565265655517578e+00
6.001665592193603516e-01
9.318537116050720215e-01
1.526036739349365234e+00
3.131589591503143311e-01
4.037218987941741943e-01
-6.646439433097839355e-01
3.430934250354766846e-01
-3.511534631252288818e-01
6.917681097984313965e-01
-1.789365112781524658e-01
-9.701367616653442383e-01
6.601130366325378418e-01
-6.589483022689819336e-01
-2.421985149383544922e+00
-9.490054249763488770e-01
-6.310451626777648926e-01
6.456519365310668945e-01
1.380612134933471680e+00
1.161117404699325562e-01
-1.008615970611572266e+00
5.434944629669189453e-01
-7.736791670322418213e-02
4.488804340362548828e-01
-2.909067392349243164e+00
-1.733699083328247070e+00
-2.395649403333663940e-01
1.398051977157592773e+00
-7.735754363238811493e-03
1.480450391769409180e+00
1.485894173383712769e-01
1.541972756385803223e+00
-8.990779519081115723e-01
-9.404252171516418457e-01
