-1.745563372969627380e-02
2.998760938644409180e-01
9.770883247256278992e-03
9.487022757530212402e-01
-1.451404929161071777e+00
4.908498525619506836e-01
-2.176666259765625000e-01
-4.782335460186004639e-01
-5.421244502067565918e-01
1.567641198635101318e-01
2.154801368713378906e+00
-7.654904127120971680e-01
-1.813806653022766113e+00
-5.168054103851318359e-01
2.067094564437866211e+00
3.328086435794830322e-01
-4.544557332992553711e-01
-1.186579942703247070e+00
7.288916110992431641e-01
7.652144432067871094e-01
-2.258491069078445435e-01
1.317381411790847778e-01
-1.994857490062713623e-01
6.838219761848449707e-01
2.533416450023651123e-01
-2.474050819873809814e-01
-2.479472905397415161e-01
-2.989428043365478516e-01
-7.975068688392639160e-01
7.968150377273559570e-01
5.945597216486930847e-02
-4.496212899684906006e-01
-3.532458841800689697e-01
1.194107294082641602e+00
1.339437246322631836e+00
3.498155996203422546e-02
6.855087876319885254e-01
7.471022009849548340e-01
1.674382328987121582e+00
3.312500417232513428e-01
-1.350973486900329590e+00
2.194346934556961060e-01
5.257663130760192871e-01
5.006573200225830078e-01
-1.862011998891830444e-01
7.242848277091979980e-01
-4.936646521091461182e-01
1.255834400653839111e-01
6.661852598190307617e-01
1.188966035842895508e+00
6.446052342653274536e-02
-1.712300300598144531e+00
-4.739730060100555420e-01
-2.268046855926513672e+00
3.795206546783447266e-01
7.453738451004028320e-01
8.889034986495971680e-01
2.143027633428573608e-01
4.400679767131805420e-01
3.623372614383697510e-01
-1.333095598965883255e-02
4.267082512378692627e-01
1.657007455825805664e+00
-2.661820054054260254e-01
-5.314017534255981445e-01
-7.527306675910949707e-01
-4.448537528514862061e-01
-2.473767697811126709e-01
1.218065142631530762e+00
1.333822488784790039e+00
-7.203038930892944336e-01
-4.058571755886077881e-01
5.899891853332519531e-01
2.184454202651977539e-01
-8.268775939941406250e-01
-6.078080534934997559e-01
1.127964258193969727e+00
-1.394972503185272217e-01
8.201687335968017578e-01
1.883361488580703735e-01
-2.197969913482666016e+00
-6.271008253097534180e-01
-1.012368798255920410e+00
-3.497042059898376465e-01
-2.299484252929687500e+00
-1.420098692178726196e-01
-4.807284176349639893e-01
-9.623666107654571533e-02
5.606294050812721252e-02
-2.166788876056671143e-01
1.236742258071899414e+00
-2.149040102958679199e-01
-2.223221398890018463e-02
-1.681507110595703125e+00
2.286348581314086914e+00
-6.719976067543029785e-01
1.228154420852661133e+00
1.717039197683334351e-02
-1.200481057167053223e+00
-8.851419687271118164e-01
