-5.867724418640136719e-01
1.051714539527893066e+00
2.280312925577163696e-01
-9.801954030990600586e-01
7.412486076354980469e-01
1.952903628349304199e+00
3.898363187909126282e-02
-1.352242946624755859e+00
-1.378120779991149902e-01
4.219211935997009277e-01
-5.239480733871459961e-01
-7.076988220214843750e-01
-7.081142067909240723e-02
-3.831670433282852173e-02
5.974483489990234375e-01
-1.776619195938110352e+00
-2.287490367889404297e-01
1.095917001366615295e-01
5.315818786621093750e-01
-1.227597951889038086e+00
-6.759182084351778030e-03
2.878187000751495361e-01
1.385740280151367188e+00
-1.000509023666381836e+00
-1.281122922897338867e+00
4.228736758232116699e-01
8.886281251907348633e-01
-7.406669259071350098e-01
1.867931604385375977e+00
-2.694870948791503906e+00
6.006556153297424316e-01
7.714521288871765137e-01
6.942448616027832031e-01
-1.305036544799804688e+00
1.247848272323608398e-01
6.111567020416259766e-01
2.180760622024536133e+00
-6.326953768730163574e-01
-1.955323815345764160e-01
1.183409333229064941e+00
-1.592082142829895020e+00
6.633422523736953735e-02
4.126853346824645996e-01
3.269764780998229980e-01
-6.192182898521423340e-01
-1.063499897718429565e-01
2.071419358253479004e-01
-3.156409561634063721e-01
4.302354753017425537e-01
-6.418945789337158203e-01
-5.543775558471679688e-01
-2.260653972625732422e-01
-1.189675211906433105e+00
1.288293957710266113e+00
-2.835218906402587891e-01
2.349155694246292114e-01
-8.564186096191406250e-01
3.942602574825286865e-01
1.440018177032470703e+00
-3.346643149852752686e-01
-3.266532182693481445e+00
-6.549815535545349121e-01
5.792649984359741211e-01
2.047817260026931763e-01
-5.131739377975463867e-01
8.666324615478515625e-01
1.409423232078552246e+00
-5.973274707794189453e-01
1.302178859710693359e+00
-5.781301856040954590e-01
-1.596971869468688965e+00
1.250899672508239746e+00
-1.297175049781799316e+00
-2.950387001037597656e-01
-6.503161787986755371e-01
1.175248742103576660e+00
-6.674322485923767090e-01
-2.077886313199996948e-01
-9.461474418640136719e-01
4.351525008678436279e-01
-5.734248757362365723e-01
2.906057238578796387e-01
1.584020614624023438e+00
9.795834422111511230e-01
-1.231215968728065491e-01
-2.847109138965606689e-01
-8.145077154040336609e-03
-2.768914215266704559e-02
-4.824152886867523193e-01
-1.212866783142089844e+00
-2.031755685806274414e+00
8.191244602203369141e-01
9.537434577941894531e-01
-9.357386827468872070e-01
1.559923768043518066e+00
-2.632312178611755371e-01
8.383309841156005859e-02
1.331575214862823486e-01
-1.033461570739746094e+00
7.422866821289062500e-01
