-1.644956320524215698e-01
-2.350429147481918335e-01
6.399023532867431641e-01
1.177788972854614258e+00
-7.119271159172058105e-01
1.845992326736450195e+00
-8.273497819900512695e-01
-1.413891792297363281e+00
-5.290672779083251953e-01
-4.673794806003570557e-01
-1.518745541572570801e+00
6.469087600708007812e-01
1.704822480678558350e-01
-2.540680170059204102e-01
-1.176243782043457031e+00
-3.750117421150207520e-01
-1.308325380086898804e-01
9.253103733062744141e-01
-2.522708415985107422e+00
-9.007724523544311523e-01
2.181711196899414062e+00
3.387038409709930420e-01
2.977029383182525635e-01
1.105498429387807846e-02
1.769158244132995605e-01
-1.412173628807067871e+00
-1.196374893188476562e+00
-5.397399663925170898e-01
6.163540482521057129e-01
-1.149869918823242188e+00
2.484148979187011719e+00
1.136687919497489929e-01
9.316868782043457031e-01
-4.631272330880165100e-02
-1.173843741416931152e+00
1.566491872072219849e-01
-7.800411581993103027e-01
6.749882102012634277e-01
8.145902156829833984e-01
-9.345676898956298828e-01
-8.151420354843139648e-01
-1.835563540458679199e+00
-3.877497278153896332e-03
-6.920863986015319824e-01
8.139590620994567871e-01
-5.320276021957397461e-01
1.878337264060974121e+00
8.316885232925415039e-01
2.496002316474914551e-01
-1.457843184471130371e+00
-1.386718034744262695e+00
6.167199611663818359e-01
-7.556166052818298340e-01
1.621374964714050293e+00
1.213356494903564453e+00
-7.233500480651855469e-01
-4.453015029430389404e-01
4.494431912899017334e-01
-3.139389678835868835e-02
-1.007998511195182800e-01
1.914615511894226074e+00
5.293340682983398438e-01
8.235321640968322754e-01
-9.372766613960266113e-01
1.304742574691772461e+00
-1.247398182749748230e-01
-1.373095661401748657e-01
-1.279418349266052246e+00
2.262671232223510742e+00
-2.394591718912124634e-01
-2.557100057601928711e+00
-7.955020666122436523e-01
-6.120719313621520996e-01
-2.055100798606872559e-01
1.009401440620422363e+00
9.026814103126525879e-01
-6.640900969505310059e-01
-4.110990762710571289e-01
-8.167244493961334229e-02
1.442143797874450684e+00
2.724087983369827271e-02
1.192678809165954590e+00
6.846964359283447266e-01
5.290649533271789551e-01
2.358571253716945648e-02
3.444122970104217529e-01
-8.554877638816833496e-01
-4.470945894718170166e-01
9.736070036888122559e-01
9.992661327123641968e-02
2.582486629486083984e+00
1.577854454517364502e-01
6.967722773551940918e-01
5.342522263526916504e-01
3.762376010417938232e-01
4.751713871955871582e-01
-2.051704406738281250e+00
-6.829126924276351929e-02
2.298494577407836914e+00
-2.697778344154357910e-01
