-1.594346612691879272e-01
-6.689454913139343262e-01
8.285806179046630859e-01
1.688697695732116699e+00
-1.085810303688049316e+00
1.743698567152023315e-01
1.276403069496154785e-01
2.958447933197021484e-01
1.080099105834960938e+00
2.506663501262664795e-01
1.643653631210327148e+00
-2.138877391815185547e+00
9.524737000465393066e-01
1.067242622375488281e+00
2.325413525104522705e-01
-6.310513019561767578e-01
-2.929607927799224854e-01
1.338333249092102051e+00
5.566226840019226074e-01
2.740335278213024139e-02
1.956663489341735840e+00
-5.673865079879760742e-01
6.152606606483459473e-01
1.560201168060302734e+00
6.385419964790344238e-01
-2.376435279846191406e+00
-1.794824123382568359e+00
-1.109792709350585938e+00
2.553118467330932617e-01
4.558396339416503906e-01
-2.443855702877044678e-01
-2.094618082046508789e-01
1.909964531660079956e-01
3.866729438304901123e-01
3.613059222698211670e-01
1.508190035820007324e+00
2.582591772079467773e-01
-3.125297129154205322e-01
-1.075091600418090820e+00
-6.366090774536132812e-01
7.088236212730407715e-01
-3.512549996376037598e-01
8.841547966003417969e-01
8.614274859428405762e-02
-6.702176332473754883e-01
5.690708160400390625e-01
-7.243151664733886719e-01
4.231717586517333984e-01
-4.986433982849121094e-01
1.268064141273498535e+00
4.513652026653289795e-01
-1.827569752931594849e-01
-1.635447502136230469e+00
6.295819878578186035e-01
-1.159590601921081543e+00
1.251838803291320801e+00
1.066258788108825684e+00
1.302621841430664062e+00
-3.703194856643676758e-01
2.334945350885391235e-01
1.158545017242431641e+00
1.954898238182067871e-01
-8.943536281585693359e-01
1.639675498008728027e+00
-1.455668359994888306e-01
1.966696023941040039e+00
-7.330157756805419922e-01
-1.224779188632965088e-01
1.696979254484176636e-01
7.100604176521301270e-01
-3.354433774948120117e-01
2.076404094696044922e-01
-2.811065435409545898e+00
-1.779018491506576538e-01
9.325518012046813965e-01
9.575651884078979492e-01
8.126705884933471680e-01
-2.555789351463317871e-01
-2.338485568761825562e-01
1.800023555755615234e+00
7.353323101997375488e-01
-1.096149444580078125e+00
-1.387232780456542969e+00
9.380849003791809082e-01
-9.338497370481491089e-02
-2.070729881525039673e-01
-2.298933267593383789e-01
-9.263100475072860718e-02
1.177445054054260254e+00
-4.175421595573425293e-01
-4.980708956718444824e-01
1.641200661659240723e+00
-1.835183054208755493e-01
2.876726865768432617e+00
9.722014069557189941e-01
8.557997643947601318e-02
1.424538850784301758e+00
-1.446961522102355957e+00
-3.352640867233276367e-01
1.211671590805053711e+00
