2.187101125717163086e+00
2.395210973918437958e-02
1.144905567169189453e+00
-1.198007345199584961e+00
-1.037512898445129395e+00
4.124051630496978760e-01
-7.871584892272949219e-01
1.727932572364807129e+00
7.203590869903564453e-01
-1.127886176109313965e+00
5.240899920463562012e-01
-6.751992106437683105e-01
5.790600180625915527e-01
7.844480276107788086e-01
3.646964430809020996e-01
-1.247400403022766113e+00
1.407809972763061523e+00
2.454989194869995117e+00
1.881056070327758789e+00
2.361876219511032104e-01
-4.967100173234939575e-02
6.531822681427001953e-01
-1.115204811096191406e+00
-6.399531364440917969e-01
-8.312904238700866699e-01
-1.568764209747314453e+00
1.280144095420837402e+00
5.300176143646240234e-01
-1.691241383552551270e+00
-1.656387209892272949e+00
8.615012168884277344e-01
2.609508752822875977e+00
-7.150141894817352295e-02
1.681903600692749023e-01
1.740259408950805664e+00
4.232009053230285645e-01
2.672167778015136719e+00
-1.851126700639724731e-01
1.662189662456512451e-01
7.825019955635070801e-01
1.251460671424865723e+00
-9.243058562278747559e-01
7.210651040077209473e-01
-2.128549575805664062e+00
-7.520931363105773926e-01
-9.514403343200683594e-01
-1.114191293716430664e+00
9.192277193069458008e-01
3.667937219142913818e-01
-5.791308879852294922e-01
1.961376428604125977e+00
1.608816385269165039e-01
4.071824252605438232e-01
8.242619633674621582e-01
-6.413988471031188965e-01
8.402070403099060059e-01
-1.774737834930419922e-01
4.754752516746520996e-01
-3.981556892395019531e-01
5.671686530113220215e-01
-3.403420746326446533e-01
1.076833248138427734e+00
1.088923931121826172e+00
-7.616479992866516113e-01
1.195208311080932617e+00
1.131799578666687012e+00
7.143568992614746094e-01
-1.126001358032226562e+00
1.710365056991577148e+00
-1.925159394741058350e-01
6.644257307052612305e-01
-1.797111868858337402e+00
-1.450543522834777832e+00
-1.088604927062988281e+00
7.223786115646362305e-01
1.444365680217742920e-01
-3.016439974308013916e-01
-5.449732542037963867e-01
3.465065360069274902e-01
1.902227640151977539e+00
-2.044506072998046875e+00
-4.263209402561187744e-01
8.857510089874267578e-01
2.236071228981018066e-01
1.342568516731262207e+00
3.273019492626190186e-01
6.794567108154296875e-01
-9.606116414070129395e-01
2.746689915657043457e-01
-7.541674375534057617e-01
9.790354371070861816e-01
2.790769100189208984e+00
-1.230903387069702148e+00
1.006068110466003418e+00
1.177009940147399902e+00
4.157552495598793030e-02
-6.743428707122802734e-01
-9.389321506023406982e-02
2.453230857849121094e+00
5.941860079765319824e-01
