1.478143632411956787e-01
3.358439207077026367e-01
9.241408705711364746e-01
-1.453882813453674316e+00
-1.732536196708679199e+00
8.809167146682739258e-01
2.984976470470428467e-01
1.427973866462707520e+00
-5.529562830924987793e-01
2.010156869888305664e+00
2.334349006414413452e-01
-2.141217231750488281e+00
4.948806017637252808e-02
-3.228346705436706543e-01
-1.665432453155517578e-01
5.066478252410888672e-01
-1.709947466850280762e+00
1.290060579776763916e-01
-2.112927436828613281e-01
1.353351950645446777e+00
4.615904390811920166e-01
2.707638263702392578e+00
-1.497237324714660645e+00
4.853987097740173340e-01
-2.520611286163330078e+00
5.491465330123901367e-02
3.375609815120697021e-01
-5.522743463516235352e-01
2.539197206497192383e-01
9.209172725677490234e-01
4.127293229103088379e-01
-1.280194967985153198e-01
1.531386137008666992e+00
-7.209750413894653320e-01
-7.992917299270629883e-02
9.948477894067764282e-02
-1.104972600936889648e+00
1.978350758552551270e+00
-1.097655177116394043e+00
1.379810452461242676e+00
4.133079648017883301e-01
5.659908056259155273e-01
5.812263488769531250e-01
6.596177816390991211e-03
-9.046773314476013184e-01
3.449802398681640625e-01
-6.376478672027587891e-01
1.178356170654296875e+00
-8.239983320236206055e-01
1.439890623092651367e+00
-2.357945442199707031e-01
-1.137632131576538086e+00
-1.804120391607284546e-01
-1.520373106002807617e+00
1.182408571243286133e+00
1.169905543327331543e+00
5.561328530311584473e-01
-1.034717202186584473e+00
1.108981966972351074e+00
3.808867633342742920e-01
-8.251183629035949707e-01
6.651074290275573730e-01
6.043506264686584473e-01
-1.152266621589660645e+00
-4.691150784492492676e-01
-3.564200103282928467e-01
-7.109564542770385742e-02
8.166456222534179688e-01
-3.362591266632080078e-01
-1.948012709617614746e+00
1.228314191102981567e-01
9.382646679878234863e-01
-2.291210442781448364e-01
-1.286007285118103027e+00
2.159781455993652344e+00
-2.541326761245727539e+00
7.199336588382720947e-02
4.060941636562347412e-01
-1.479743793606758118e-02
-3.167183399200439453e-01
-8.117977380752563477e-01
2.039718389511108398e+00
1.402148455381393433e-01
9.108602255582809448e-02
-1.138979792594909668e+00
6.586357206106185913e-02
9.061534404754638672e-01
4.026484489440917969e-01
5.407477021217346191e-01
5.149749517440795898e-01
5.857253819704055786e-02
-1.726910591125488281e+00
-9.206647872924804688e-01
-2.243110179901123047e+00
1.316692978143692017e-01
-1.292179107666015625e+00
1.668280363082885742e+00
-2.388762474060058594e+00
-2.244783490896224976e-01
6.958621144294738770e-01
