-3.107366561889648438e-01
3.756939768791198730e-01
3.767146170139312744e-01
-6.947919726371765137e-01
1.379440128803253174e-01
-6.830443143844604492e-01
-1.424387216567993164e+00
-1.192942023277282715e+00
-6.572288274765014648e-01
2.001406438648700714e-02
6.606733798980712891e-02
-3.921198844909667969e-01
-4.455024600028991699e-01
2.644735276699066162e-01
-9.696150422096252441e-01
5.612341165542602539e-01
-3.587836921215057373e-01
-1.273944616317749023e+00
1.709585934877395630e-01
2.498774528503417969e-01
-1.484687805175781250e+00
6.311803460121154785e-01
-7.443252205848693848e-01
-9.160629510879516602e-01
-5.586850047111511230e-01
-9.560585021972656250e-02
1.381513625383377075e-01
-1.925217032432556152e+00
-1.107674121856689453e+00
8.079392462968826294e-02
1.268147468566894531e+00
-1.186110898852348328e-01
1.380635499954223633e+00
5.954634547233581543e-01
6.000303626060485840e-01
7.504771649837493896e-02
-1.958513736724853516e+00
4.971393644809722900e-01
2.331290483474731445e+00
2.378571033477783203e-01
6.841543912887573242e-01
-4.225397408008575439e-01
4.777030050754547119e-01
-5.116291642189025879e-01
1.155391335487365723e+00
-9.347184300422668457e-01
-2.938698232173919678e-01
-1.163153722882270813e-01
4.899801909923553467e-01
-1.230785325169563293e-01
-9.629644155502319336e-01
6.046048402786254883e-01
-7.073194384574890137e-01
-6.418183445930480957e-01
2.518412768840789795e-01
-2.709122896194458008e-01
4.437715932726860046e-02
2.808495521545410156e+00
3.175652921199798584e-01
-2.320110425353050232e-02
1.839400678873062134e-01
2.184115648269653320e+00
4.265639483928680420e-01
-3.918733894824981689e-01
-3.367793858051300049e-01
-4.416020587086677551e-02
-9.536001086235046387e-01
-9.192432165145874023e-01
1.557930707931518555e+00
1.013108730316162109e+00
-1.947154104709625244e-02
-2.097171992063522339e-01
1.932899236679077148e+00
8.115304708480834961e-01
8.997812271118164062e-01
-1.338326215744018555e+00
-1.955132842063903809e+00
5.535793900489807129e-01
1.426958143711090088e-01
-5.788084119558334351e-02
4.946433380246162415e-02
9.695600718259811401e-02
-1.284329295158386230e+00
-2.925098538398742676e-01
1.376490294933319092e-01
2.952571511268615723e-01
3.072066605091094971e-01
-7.120870351791381836e-01
1.054225116968154907e-01
8.591900467872619629e-01
5.180670619010925293e-01
7.542666792869567871e-01
1.202887058258056641e+00
1.565133213996887207e+00
-2.431718856096267700e-01
-2.216167688369750977e+00
1.141636013984680176e+00
7.940890789031982422e-01
-8.973070383071899414e-01
1.098908632993698120e-01
