-4.808078408241271973e-01
-6.849828958511352539e-01
5.820466876029968262e-01
9.603603482246398926e-01
1.487553000450134277e+00
1.281769275665283203e+00
9.266641139984130859e-01
2.533384561538696289e-01
-1.046852588653564453e+00
-5.977283120155334473e-01
-1.705828458070755005e-01
2.784906923770904541e-01
-8.362807035446166992e-01
6.358583569526672363e-01
1.052636146545410156e+00
7.806808352470397949e-01
6.247842311859130859e-01
2.304044723510742188e+00
-1.018542289733886719e+00
3.665474355220794678e-01
-1.095275163650512695e+00
-2.556529641151428223e-01
-1.564759254455566406e+00
-7.850449681282043457e-01
-1.045271754264831543e+00
-5.602339506149291992e-01
9.438701868057250977e-01
8.787537217140197754e-01
-1.478512048721313477e+00
-5.226752758026123047e-01
2.073039300739765167e-02
-1.903877139091491699e+00
-1.659396767616271973e+00
-1.334246546030044556e-01
-7.838594317436218262e-01
-8.699151128530502319e-02
-2.911128044128417969e+00
5.580023676156997681e-02
-4.333029389381408691e-01
1.149350047111511230e+00
-3.372110128402709961e-01
8.699760437011718750e-01
4.634823501110076904e-01
4.836518466472625732e-01
5.069328844547271729e-02
-3.637067377567291260e-01
1.105671882629394531e+00
1.418424487113952637e+00
-8.123323917388916016e-01
1.240831017494201660e+00
-8.400822877883911133e-01
-1.025165200233459473e+00
-6.428726315498352051e-01
5.192707777023315430e-01
1.088343262672424316e+00
-7.771742939949035645e-01
-9.354746341705322266e-01
-1.691630721092224121e+00
8.959221243858337402e-01
-7.450006008148193359e-01
-8.351069688796997070e-01
-3.543039560317993164e-01
-2.295644208788871765e-02
4.673683941364288330e-01
5.179120898246765137e-01
1.094119995832443237e-01
2.051386386156082153e-01
1.635804176330566406e+00
2.115791589021682739e-01
-8.468016386032104492e-01
1.969004720449447632e-01
-4.150637686252593994e-01
1.110881090164184570e+00
2.051257610321044922e+00
1.363318085670471191e+00
-8.729487061500549316e-01
-2.575025856494903564e-01
-2.518710792064666748e-01
1.175308078527450562e-01
4.539445042610168457e-01
4.855021238327026367e-01
8.480322547256946564e-03
-8.409687280654907227e-01
-3.678543865680694580e-01
-4.945644438266754150e-01
-5.998447537422180176e-01
2.513621747493743896e-01
1.535913944244384766e+00
-1.035819888114929199e+00
6.594169735908508301e-01
3.238871097564697266e-01
-1.771048903465270996e-01
-1.645954966545104980e+00
4.269420802593231201e-01
7.089083790779113770e-01
2.763730883598327637e-01
1.414175182580947876e-01
-8.104923963546752930e-01
-3.670874238014221191e-01
5.528262257575988770e-01
