1.411378383636474609e+00
1.103017091751098633e+00
1.586786657571792603e-01
1.216623425483703613e+00
5.424273014068603516e-01
-1.056308984756469727e+00
3.518477439880371094e+00
1.656729429960250854e-01
-1.998088717460632324e+00
-4.394927024841308594e-01
-3.730792999267578125e-01
-8.499428033828735352e-01
-1.858731389045715332e+00
1.579645276069641113e+00
1.719898462295532227e+00
-8.136463165283203125e-01
7.683277130126953125e-01
-1.718992143869400024e-01
-2.378247678279876709e-01
3.660522699356079102e-01
7.619409561157226562e-01
-5.249606445431709290e-02
-2.012843132019042969e+00
5.998060852289199829e-02
4.449955821037292480e-01
-3.207935094833374023e-01
-9.508221745491027832e-01
-7.092429697513580322e-02
4.351903498172760010e-01
2.589462101459503174e-01
6.402366161346435547e-01
3.608453273773193359e-01
-1.260132193565368652e+00
8.789131641387939453e-01
6.620138883590698242e-01
-7.871289849281311035e-01
-4.726521968841552734e-01
-1.644843816757202148e+00
7.667897939682006836e-01
-9.559414982795715332e-01
-1.613179892301559448e-01
3.746847808361053467e-02
3.236589431762695312e-01
4.786169826984405518e-01
3.450303077697753906e-01
5.399041175842285156e-01
1.669733226299285889e-01
9.514817595481872559e-01
9.929916262626647949e-01
1.269412994384765625e+00
7.533564567565917969e-01
-7.147665023803710938e-01
-1.377364277839660645e+00
2.080531120300292969e-01
-1.770952939987182617e+00
6.221264004707336426e-01
-4.138996899127960205e-01
4.083915650844573975e-01
9.709057211875915527e-01
-3.855731785297393799e-01
-7.652031779289245605e-01
-2.078853175044059753e-02
-1.379956483840942383e+00
-2.141752839088439941e-01
1.792560815811157227e+00
-2.021931111812591553e-01
5.855254530906677246e-01
3.267117142677307129e-01
-1.129822373390197754e+00
-3.125365450978279114e-02
5.320282187312841415e-03
-2.192393541336059570e-01
1.123509556055068970e-01
-9.623774886131286621e-01
-9.928568601608276367e-01
9.288601279258728027e-01
-8.792163729667663574e-01
-2.434058487415313721e-01
-9.539028406143188477e-01
-4.188323020935058594e-01
-6.008824706077575684e-01
1.006391882896423340e+00
-3.316487073898315430e-01
4.884598553180694580e-01
2.048563659191131592e-01
-1.286301732063293457e+00
-1.671228170394897461e+00
-1.664874553680419922e+00
-2.525518178939819336e+00
-1.460609197616577148e+00
-4.747301340103149414e-01
-1.070752978324890137e+00
1.130510449409484863e+00
9.002165794372558594e-01
1.984645485877990723e+00
8.190612792968750000e-01
5.550559163093566895e-01
-6.127391457557678223e-01
-8.055333495140075684e-01
1.706450939178466797e+00
