-4.268414080142974854e-01
-1.007178068161010742e+00
-1.135023713111877441e+00
-7.244095206260681152e-01
1.604780673980712891e+00
1.238786816596984863e+00
2.664113044738769531e+00
1.052048444747924805e+00
1.777275443077087402e+00
-2.629162073135375977e-01
-1.738112568855285645e-01
1.309789568185806274e-01
2.183054924011230469e+00
-9.471193552017211914e-01
-4.904516339302062988e-01
-9.562925100326538086e-01
-9.066327810287475586e-01
3.442855775356292725e-01
3.771155178546905518e-01
3.643085956573486328e-01
-1.015001654624938965e+00
2.081330537796020508e+00
5.687481164932250977e-01
-6.096488833427429199e-01
-1.158057332038879395e+00
1.896310210227966309e+00
3.997484967112541199e-02
1.293052077293395996e+00
3.499237298965454102e-01
-6.486166119575500488e-01
1.744954586029052734e+00
-6.719060242176055908e-02
-1.250531077384948730e+00
2.906044006347656250e+00
5.608353614807128906e-01
2.589813470840454102e-01
-8.747536540031433105e-01
1.349944174289703369e-01
2.515121102333068848e-01
7.095196843147277832e-01
1.543270051479339600e-01
7.386735677719116211e-01
1.017188906669616699e+00
-1.975496411323547363e+00
-1.189326286315917969e+00
-8.277235031127929688e-01
-9.784259200096130371e-01
7.048246264457702637e-01
-1.661736249923706055e+00
7.273959517478942871e-01
-1.118731617927551270e+00
-4.844599664211273193e-01
-1.278957873582839966e-01
1.349074721336364746e+00
2.214660495519638062e-01
-1.070391654968261719e+00
-1.414476782083511353e-01
3.573489785194396973e-01
1.885731220245361328e+00
-7.810347080230712891e-01
-1.078853607177734375e+00
-1.453256130218505859e+00
3.591356575489044189e-01
-1.681158132851123810e-02
-3.255358636379241943e-01
-8.174951076507568359e-01
-1.025294184684753418e+00
8.025434613227844238e-01
-4.954864382743835449e-01
9.700210094451904297e-01
1.290596365928649902e+00
-1.792144477367401123e-01
-1.021336674690246582e+00
-3.545305132865905762e-01
-5.027285218238830566e-01
1.996875524520874023e+00
1.428597450256347656e+00
6.497517228126525879e-01
-2.060317993164062500e-01
-2.244039058685302734e+00
-7.641893625259399414e-02
3.980088531970977783e-01
-6.478191018104553223e-01
-3.222669363021850586e-01
9.791087359189987183e-03
8.129340410232543945e-01
-1.965200781822204590e+00
-1.648853778839111328e+00
2.370796501636505127e-01
-2.015137672424316406e+00
-5.308520197868347168e-01
-2.008307218551635742e+00
-2.805234491825103760e-01
5.494195818901062012e-01
9.878035783767700195e-01
-3.892402946949005127e-01
-3.006137013435363770e-01
-6.778545379638671875e-01
-1.231971025466918945e+00
1.389209747314453125e+00
