4.962749481201171875e-01
-2.689873576164245605e-01
-1.168766856193542480e+00
-1.064422130584716797e+00
-3.144707679748535156e-01
-2.815408110618591309e-01
-1.539269566535949707e+00
7.111238241195678711e-01
-2.371635913848876953e+00
4.463549256324768066e-01
-2.099572896957397461e+00
-8.095731139183044434e-01
3.172039613127708435e-02
4.490877389907836914e-01
-2.450904846191406250e-01
1.192292809486389160e+00
1.018986344337463379e+00
1.250741958618164062e+00
-1.392909735441207886e-01
4.229693710803985596e-01
-5.352641940116882324e-01
-5.375858545303344727e-01
-2.884840667247772217e-01
2.127232849597930908e-01
1.335264801979064941e+00
1.910191923379898071e-01
9.611664414405822754e-01
1.397737711668014526e-01
-9.600184559822082520e-01
6.023533269762992859e-02
1.205377578735351562e+00
1.396994352340698242e+00
-5.947320461273193359e-01
1.323973536491394043e-01
-4.289305508136749268e-01
6.440336257219314575e-02
5.430816411972045898e-01
-6.257401108741760254e-01
6.920798420906066895e-01
1.094965219497680664e+00
6.024877429008483887e-01
1.498845696449279785e+00
-8.921691179275512695e-01
-7.203888297080993652e-01
-2.653866410255432129e-01
-2.840259969234466553e-01
-3.526744246482849121e-02
1.911518454551696777e+00
-1.357933759689331055e+00
-9.538796544075012207e-01
-4.860683977603912354e-01
-7.238571643829345703e-01
-8.276740312576293945e-01
2.068239927291870117e+00
-7.801201343536376953e-01
3.577426373958587646e-01
7.324092984199523926e-01
-1.368150949478149414e+00
-1.879686832427978516e+00
-7.714757323265075684e-01
8.339377045631408691e-01
2.002141475677490234e+00
1.365840435028076172e+00
-2.771643102169036865e-01
-7.650804519653320312e-02
7.756980657577514648e-01
1.850061297416687012e+00
-3.304861485958099365e-01
-2.593163549900054932e-01
2.757262885570526123e-01
-2.648893117904663086e+00
1.734026074409484863e-01
-8.235520720481872559e-01
-9.409376978874206543e-01
-1.394729733467102051e+00
1.481832027435302734e+00
5.791090726852416992e-01
6.240568161010742188e-01
1.053871631622314453e+00
7.218752801418304443e-02
-1.619181036949157715e-02
1.209623098373413086e+00
1.781663596630096436e-01
1.310153603553771973e+00
-1.079455837607383728e-01
2.034521341323852539e+00
-3.743803203105926514e-01
-2.347894191741943359e+00
-2.598945498466491699e-01
-6.868855953216552734e-01
-7.074366807937622070e-01
2.104471176862716675e-01
1.461672306060791016e+00
-6.643727421760559082e-01
6.811850666999816895e-01
-8.290185332298278809e-01
1.792961359024047852e+00
-7.180995345115661621e-01
-8.984169960021972656e-01
1.750763878226280212e-02
