3.271202445030212402e-01
-9.783071279525756836e-01
-1.135820746421813965e+00
-4.452595859766006470e-02
-5.636563897132873535e-01
-8.784788250923156738e-01
1.208267927169799805e+00
-1.238349199295043945e+00
9.232116341590881348e-01
3.436702489852905273e-01
-1.579690456390380859e+00
-5.126338005065917969e-01
8.432540297508239746e-01
1.054344058036804199e+00
-4.091560840606689453e-01
2.114894628524780273e+00
-4.388155415654182434e-02
2.569579362869262695e+00
2.812474370002746582e-01
4.176109097898006439e-03
-9.936257004737854004e-01
9.495123624801635742e-01
4.935697019100189209e-01
3.409796714782714844e+00
-1.117068409919738770e+00
-9.272162914276123047e-01
6.517765522003173828e-01
1.355436801910400391e+00
-3.629437685012817383e-01
-8.965675830841064453e-01
-1.126251697540283203e+00
-7.710273861885070801e-01
5.469289422035217285e-01
1.392043709754943848e+00
1.400147557258605957e+00
1.077942475676536560e-01
-1.592880129814147949e+00
8.775725960731506348e-01
1.434398442506790161e-01
-2.537901997566223145e-01
1.131316661834716797e+00
-1.283673048019409180e-01
-3.713949322700500488e-01
-1.146091818809509277e+00
-4.724703356623649597e-02
-1.837639659643173218e-01
-9.998378157615661621e-01
3.548547327518463135e-01
-1.460340499877929688e+00
2.524829864501953125e+00
1.235871091485023499e-01
-2.745066881179809570e-01
7.987620830535888672e-01
-1.056309580802917480e+00
1.601366519927978516e+00
9.437533020973205566e-01
9.214921593666076660e-01
1.964447498321533203e+00
-7.226988673210144043e-01
-6.260436773300170898e-01
-1.366784811019897461e+00
-1.924826025962829590e+00
-2.250012457370758057e-01
-8.012824058532714844e-01
5.084993839263916016e-01
1.973216533660888672e-01
1.097531080245971680e+00
8.281010389328002930e-01
1.028064012527465820e+00
-6.286325454711914062e-01
3.333302140235900879e-01
-1.457345604896545410e+00
-1.064483523368835449e+00
2.041206598281860352e+00
1.408621788024902344e+00
1.870728135108947754e+00
-3.520902097225189209e-01
1.657659292221069336e+00
-1.109756708145141602e+00
1.356650710105895996e+00
-3.672768473625183105e-01
-1.411628007888793945e+00
-1.533480882644653320e-01
-8.963183164596557617e-01
-1.277346611022949219e+00
-1.051201105117797852e+00
5.708130598068237305e-01
-9.772732853889465332e-01
8.787239193916320801e-01
1.001168191432952881e-01
-1.183355301618576050e-01
8.048263788223266602e-01
-1.482881903648376465e+00
-1.263700723648071289e+00
2.026491910219192505e-01
1.050696253776550293e+00
2.678012132644653320e+00
5.306454896926879883e-01
3.769139051437377930e-01
-8.409177064895629883e-01
