-1.005725502967834473e+00
-1.476387500762939453e+00
2.573116123676300049e-01
4.605425000190734863e-01
-1.612079501152038574e+00
1.783457636833190918e+00
-5.502719879150390625e-01
8.033505678176879883e-01
-5.351338982582092285e-01
4.932706356048583984e-01
9.987111687660217285e-01
-1.973767161369323730e+00
-2.882121503353118896e-01
1.142008423805236816e+00
1.313192099332809448e-01
1.610994577407836914e+00
8.517538905143737793e-01
-2.942001819610595703e-01
-3.525443971157073975e-01
-1.219670623540878296e-01
1.001404285430908203e+00
-4.548715054988861084e-01
-2.144611597061157227e+00
-1.192420482635498047e+00
2.530481100082397461e+00
8.996422290802001953e-01
-9.203666448593139648e-01
-8.754136562347412109e-01
-4.896637499332427979e-01
4.615024328231811523e-01
9.640988707542419434e-01
-1.411769688129425049e-01
-1.330986618995666504e+00
6.743803620338439941e-02
-1.369683742523193359e+00
2.725325524806976318e-02
1.311061859130859375e+00
1.349562406539916992e+00
3.219605982303619385e-01
1.531706571578979492e+00
-7.527996599674224854e-02
-1.145792961120605469e+00
7.393505573272705078e-01
4.429626092314720154e-02
6.828619837760925293e-01
-1.727437019348144531e+00
-1.628535151481628418e+00
5.197541713714599609e-01
1.631460547447204590e+00
1.668615937232971191e-01
-1.406281888484954834e-01
2.726296186447143555e+00
2.030153989791870117e+00
-1.368818283081054688e+00
6.463018059730529785e-01
9.689403176307678223e-01
-1.197553396224975586e+00
-3.633409142494201660e-01
3.601512014865875244e-01
7.987233996391296387e-01
-7.364946007728576660e-01
-1.115677833557128906e+00
-3.551949560642242432e-01
-7.564827203750610352e-01
-1.170599699020385742e+00
-1.018597006797790527e+00
1.285929679870605469e+00
1.094273686408996582e+00
-3.935223817825317383e-01
1.596182107925415039e+00
1.431750297546386719e+00
1.211180210113525391e+00
5.388247370719909668e-01
-1.008002519607543945e+00
-6.396013498306274414e-01
-6.924039721488952637e-01
1.140419602394104004e+00
3.655062913894653320e-01
8.139230012893676758e-01
-1.067007780075073242e+00
1.236603260040283203e+00
8.495258092880249023e-01
1.616959095001220703e+00
-5.915961265563964844e-01
1.059293866157531738e+00
2.109024763107299805e+00
1.697418451309204102e+00
6.142029762268066406e-01
-3.169400393962860107e-01
1.258143186569213867e-01
6.141875386238098145e-01
9.214203804731369019e-02
-9.309744238853454590e-01
-1.045566916465759277e+00
4.300549626350402832e-01
-5.421586707234382629e-02
2.820114612579345703e+00
2.349427461624145508e+00
1.480345487594604492e+00
7.701998949050903320e-01
